0: (108,60), 0
1: (115,64), 0
2: (125,75), 1
3: (141,79), 2
4: (134,88), 3
5: (141,92), 4
6: (140,97), 5
7: (129,72), 2
8: (148,74), 3
9: (110,61), 0
10: (138,83), 3
11: (129,80), 2
12: (137,74), 3
13: (154,88), 5
14: (166,74), 8
15: (159,79), 14
16: (118,66), 1
17: (159,86), 13
18: (121,70), 16
19: (159,82), 15
20: (145,82), 3
21: (161,94), 17
22: (153,74), 8
23: (108,56), 0
24: (164,90), 21
25: (135,82), 10
26: (144,99), 6
27: (104,59), 0
28: (129,78), 11
29: (152,89), 13
30: (141,91), 5
31: (104,59), 27
32: (170,74), 14
33: (164,85), 24
34: (149,98), 26
35: (146,118), 26
36: (150,124), 35
37: (159,76), 15
38: (145,73), 8
39: (127,84), 11
40: (164,89), 24
41: (109,121), 35
42: (137,94), 6
43: (137,89), 4
44: (164,92), 24
45: (86,122), 41
46: (123,75), 2
47: (141,83), 10
48: (131,71), 7
49: (129,84), 39
50: (168,142), 36
51: (110,66), 9
52: (169,74), 32
53: (116,119), 41
54: (157,132), 36
55: (144,74), 38
56: (144,122), 35
57: (149,83), 20
58: (140,72), 12
59: (162,73), 14
60: (144,113), 35
61: (156,90), 13
62: (144,75), 55
63: (126,72), 7
64: (83,122), 45
65: (143,99), 26
66: (170,91), 24
67: (112,69), 51
68: (167,78), 14
69: (151,93), 29
70: (127,79), 11
71: (129,75), 7
72: (151,78), 22
73: (163,88), 40
74: (160,137), 54
75: (140,87), 43
76: (145,117), 35
77: (139,90), 30
78: (111,59), 9
79: (131,83), 49
80: (155,74), 22
81: (124,76), 2
82: (67,121), 64
83: (60,103), 82
84: (167,70), 14
85: (145,110), 60
86: (63,125), 82
87: (169,92), 66
88: (63,114), 82
89: (89,119), 45
90: (53,81), 83
91: (142,117), 76
92: (72,101), 83
93: (68,105), 92
94: (60,75), 90
95: (46,98), 83
96: (70,119), 82
97: (125,77), 81
98: (50,127), 86
99: (140,118), 91
100: (47,115), 98
101: (167,93), 87
102: (133,118), 99
103: (56,110), 83
104: (66,101), 93
105: (55,107), 103
106: (147,82), 20
107: (158,80), 15
108: (136,85), 10
109: (133,78), 28
110: (54,126), 98
111: (62,74), 94
112: (64,76), 111
113: (83,87), 92
114: (156,87), 13
115: (68,104), 93
116: (75,91), 113
117: (46,70), 90
118: (101,122), 41
119: (170,93), 87
120: (63,108), 83
121: (154,85), 114
122: (66,126), 86
123: (72,98), 92
124: (145,117), 76
125: (52,93), 95
126: (141,122), 56
127: (78,78), 113
128: (139,80), 3
129: (148,129), 36
130: (69,101), 92
131: (165,95), 101
132: (61,134), 86
133: (52,93), 125
134: (136,87), 108
135: (72,97), 123
136: (68,108), 93
137: (135,92), 42
138: (156,78), 107
139: (72,80), 127
140: (109,57), 23
141: (162,136), 74
142: (158,70), 59
143: (85,119), 45
144: (162,137), 141
145: (168,76), 52
146: (58,118), 88
147: (80,122), 64
148: (127,119), 102
149: (161,133), 141
150: (164,145), 50
151: (140,81), 128
152: (71,94), 135
153: (106,121), 41
154: (61,71), 111
155: (165,96), 131
156: (85,87), 113
157: (85,88), 156
158: (145,79), 20
159: (71,123), 96
160: (74,106), 92
161: (69,107), 136
162: (133,74), 48
163: (71,85), 139
164: (153,94), 69
165: (87,82), 156
166: (131,79), 11
167: (62,80), 112
168: (161,75), 37
169: (68,80), 139
170: (137,92), 42
171: (60,92), 125
172: (155,96), 164
173: (65,77), 112
174: (136,93), 42
175: (69,98), 123
176: (77,94), 116
177: (60,88), 171
178: (57,106), 105
179: (165,94), 131
180: (160,85), 17
181: (70,79), 139
182: (58,102), 83
183: (69,81), 169
184: (66,73), 112
185: (153,71), 22
186: (61,93), 171
187: (62,89), 177
188: (63,79), 167
189: (138,118), 99
190: (57,99), 182
191: (117,71), 18
192: (153,133), 54
193: (79,121), 147
194: (124,80), 70
195: (162,87), 73
196: (167,81), 68
197: (61,85), 177
198: (58,111), 103
199: (67,107), 136
200: (56,127), 110
201: (54,106), 105
202: (63,103), 83
203: (59,77), 94
204: (57,83), 90
205: (56,126), 200
206: (76,122), 193
207: (60,71), 154
208: (155,98), 172
209: (75,119), 206
210: (85,81), 165
211: (96,121), 118
212: (138,87), 75
213: (151,79), 72
214: (48,75), 117
215: (164,138), 144
216: (71,109), 161
217: (125,73), 63
218: (50,87), 125
219: (67,120), 82
220: (168,142), 50
221: (60,115), 88
222: (65,76), 112
223: (53,112), 103
224: (69,117), 96
225: (65,120), 219
226: (146,109), 85
227: (151,70), 185
228: (68,73), 184
229: (75,78), 127
230: (151,90), 29
231: (76,86), 116
232: (156,72), 80
233: (55,123), 110
234: (133,121), 102
235: (108,62), 0
236: (48,113), 100
237: (166,72), 14
238: (58,126), 205
239: (60,98), 190
240: (83,89), 113
241: (60,77), 203
242: (127,118), 148
243: (163,98), 155
244: (94,142), 211
245: (149,73), 8
246: (47,85), 218
247: (124,80), 194
248: (73,79), 139
249: (157,78), 138
250: (157,88), 114
251: (49,75), 214
252: (109,63), 235
253: (161,91), 21
254: (87,86), 156
255: (58,117), 146
256: (49,102), 95
257: (150,90), 230
258: (84,81), 210
259: (58,98), 190
260: (105,120), 153
261: (165,86), 33
262: (142,91), 30
263: (97,142), 244
264: (67,108), 136
265: (114,68), 67
266: (57,94), 171
267: (144,70), 38
268: (152,86), 121
269: (109,57), 140
270: (111,64), 51
271: (162,134), 149
272: (52,124), 110
273: (68,102), 130
274: (145,83), 20
275: (144,119), 35
276: (62,74), 111
277: (46,102), 256
278: (79,89), 240
279: (107,62), 235
280: (156,127), 54
281: (111,59), 78
282: (52,123), 272
283: (167,88), 261
284: (170,81), 196
285: (69,115), 224
286: (139,74), 12
287: (151,124), 36
288: (50,127), 98
289: (139,76), 286
290: (46,106), 277
291: (159,70), 142
292: (149,77), 72
293: (125,82), 194
294: (142,115), 91
295: (63,127), 86
296: (48,88), 218
297: (46,94), 95
298: (65,76), 222
299: (148,77), 292
300: (54,92), 125
301: (78,122), 193
302: (108,60), 0
303: (163,79), 15
304: (57,70), 207
305: (147,121), 35
306: (58,125), 238
307: (136,85), 108
308: (67,90), 187
309: (160,86), 17
310: (165,139), 215
311: (159,84), 180
312: (72,94), 152
313: (51,102), 256
314: (158,75), 37
315: (64,121), 225
316: (167,141), 50
317: (117,119), 53
318: (170,79), 284
319: (127,82), 39
320: (58,87), 177
321: (160,86), 309
322: (64,111), 88
323: (67,73), 184
324: (167,93), 101
325: (138,86), 212
326: (127,118), 242
327: (139,73), 286
328: (107,118), 260
329: (84,120), 143
330: (149,76), 292
331: (108,55), 23
332: (165,79), 303
333: (54,84), 90
334: (63,117), 88
335: (95,126), 211
336: (170,85), 284
337: (67,124), 122
338: (163,77), 303
339: (48,77), 214
340: (143,77), 62
341: (166,88), 283
342: (105,120), 260
343: (50,111), 236
344: (50,120), 282
345: (94,131), 335
346: (74,98), 123
347: (154,81), 138
348: (113,67), 265
349: (47,97), 95
350: (65,124), 337
351: (115,71), 191
352: (164,91), 24
353: (99,120), 118
354: (66,86), 308
355: (107,57), 23
356: (77,96), 176
357: (68,112), 285
358: (155,73), 80
359: (47,95), 297
360: (83,78), 258
361: (124,72), 217
362: (50,117), 344
363: (151,81), 213
364: (146,85), 274
365: (145,106), 226
366: (91,120), 89
367: (152,123), 287
368: (131,71), 48
369: (84,120), 329
370: (163,88), 73
371: (169,92), 87
372: (136,89), 43
373: (69,73), 228
374: (73,75), 229
375: (70,97), 175
376: (148,119), 35
377: (63,70), 154
378: (120,119), 317
379: (140,93), 5
380: (78,90), 278
381: (141,78), 3
382: (117,121), 317
383: (150,77), 292
384: (71,103), 92
385: (117,65), 16
386: (49,74), 251
387: (153,77), 72
388: (154,74), 22
389: (70,124), 159
390: (145,72), 38
391: (167,87), 283
392: (103,122), 118
393: (61,114), 221
394: (142,112), 60
395: (53,129), 110
396: (71,123), 159
397: (163,86), 33
398: (163,96), 155
399: (73,90), 116
400: (95,122), 211
401: (65,110), 322
402: (47,89), 296
403: (50,108), 343
404: (134,75), 162
405: (48,103), 256
406: (56,131), 395
407: (64,124), 350
408: (75,98), 346
409: (121,75), 46
410: (146,99), 26
411: (143,108), 85
412: (144,80), 158
413: (139,79), 128
414: (167,71), 84
415: (84,80), 258
416: (144,93), 262
417: (126,78), 70
418: (144,105), 365
419: (70,72), 373
420: (58,83), 204
421: (62,101), 202
422: (48,124), 98
423: (63,89), 187
424: (119,73), 191
425: (46,78), 339
426: (48,82), 246
427: (144,80), 412
428: (63,99), 421
429: (95,134), 345
430: (143,99), 65
431: (71,100), 92
432: (74,95), 312
433: (71,121), 159
434: (69,94), 152
435: (57,108), 178
436: (61,76), 94
437: (82,85), 113
438: (136,82), 25
439: (140,86), 75
440: (59,115), 221
441: (165,81), 196
442: (58,134), 132
443: (169,76), 145
444: (79,86), 231
445: (91,118), 366
446: (169,92), 87
447: (148,72), 245
448: (59,122), 306
449: (166,97), 155
450: (78,77), 127
451: (56,94), 266
452: (73,84), 163
453: (46,84), 246
454: (86,85), 254
455: (66,123), 337
456: (144,88), 262
457: (158,94), 21
458: (109,61), 9
459: (49,92), 125
460: (157,91), 61
461: (169,85), 336
462: (61,126), 86
463: (60,81), 167
464: (65,85), 354
465: (147,88), 456
466: (75,81), 248
467: (54,127), 110
468: (70,79), 181
469: (151,70), 227
470: (158,89), 250
471: (133,80), 109
472: (72,87), 163
473: (54,95), 451
474: (109,60), 0
475: (53,105), 201
476: (76,120), 209
477: (75,74), 374
478: (56,110), 103
479: (46,121), 422
480: (60,94), 186
481: (137,72), 12
482: (150,76), 330
483: (169,93), 87
484: (146,100), 410
485: (138,83), 10
486: (119,122), 382
487: (126,75), 2
488: (64,102), 202
489: (70,124), 389
490: (71,93), 152
491: (61,77), 241
492: (54,114), 223
493: (59,121), 448
494: (116,68), 265
495: (125,71), 63
496: (115,122), 382
497: (94,130), 345
498: (94,127), 335
499: (69,74), 373
500: (141,90), 30
501: (50,118), 362
502: (131,84), 79
503: (146,71), 390
504: (94,122), 400
505: (66,129), 122
506: (71,119), 96
507: (63,88), 423
508: (165,77), 332
509: (151,97), 34
510: (53,74), 386
511: (153,71), 185
512: (60,97), 239
513: (65,118), 225
514: (156,130), 54
515: (58,109), 435
516: (154,125), 280
517: (64,131), 505
518: (155,96), 172
519: (72,97), 135
520: (123,75), 46
521: (134,90), 4
522: (61,115), 221
523: (97,138), 263
524: (49,92), 459
525: (67,101), 104
526: (55,131), 406
527: (165,93), 179
528: (147,122), 305
529: (66,128), 505
530: (54,98), 473
531: (55,77), 510
532: (54,128), 467
533: (132,122), 234
534: (163,97), 243
535: (104,61), 27
536: (157,92), 460
537: (152,73), 22
538: (98,131), 345
539: (55,112), 223
540: (67,85), 354
541: (77,92), 176
542: (53,70), 304
543: (54,93), 300
544: (119,67), 16
545: (146,97), 410
546: (110,121), 41
547: (105,61), 535
548: (67,126), 122
549: (148,73), 8
550: (78,92), 541
551: (152,87), 268
552: (153,79), 213
553: (147,70), 503
554: (81,77), 360
555: (58,115), 440
556: (139,83), 10
557: (56,90), 300
558: (65,115), 88
559: (160,138), 74
560: (155,79), 138
561: (153,74), 22
562: (144,86), 456
563: (57,97), 259
564: (72,84), 452
565: (62,94), 186
566: (71,103), 384
567: (94,130), 497
568: (112,68), 67
569: (83,88), 113
570: (46,89), 402
571: (127,78), 70
572: (71,125), 389
573: (52,129), 395
574: (145,79), 158
575: (141,122), 126
576: (65,115), 558
577: (67,118), 219
578: (70,115), 285
579: (61,102), 83
580: (47,76), 214
581: (81,87), 113
582: (54,81), 90
583: (53,87), 218
584: (52,95), 125
585: (166,144), 150
586: (95,120), 211
587: (78,79), 127
588: (47,83), 426
589: (73,106), 160
590: (107,56), 23
591: (81,78), 554
592: (48,121), 479
593: (150,91), 257
594: (77,72), 477
595: (109,120), 41
596: (112,69), 67
597: (66,104), 115
598: (64,118), 513
599: (72,88), 472
600: (108,118), 328
601: (166,89), 341
602: (149,129), 129
603: (146,117), 35
604: (52,123), 282
605: (153,91), 29
606: (151,70), 227
607: (113,67), 348
608: (46,92), 297
609: (46,93), 297
610: (96,144), 263
611: (146,127), 129
612: (58,80), 463
613: (55,78), 531
614: (145,101), 484
615: (72,84), 564
616: (58,121), 493
617: (120,76), 409
618: (154,88), 13
619: (73,86), 472
620: (82,78), 360
621: (98,137), 523
622: (50,111), 343
623: (154,135), 192
624: (119,66), 16
625: (54,70), 542
626: (62,126), 462
627: (54,127), 467
628: (132,86), 502
629: (149,122), 528
630: (156,136), 623
631: (95,146), 610
632: (67,95), 434
633: (66,79), 169
634: (90,122), 366
635: (167,139), 310
636: (160,77), 37
637: (46,115), 100
638: (165,95), 131
639: (66,89), 308
640: (69,101), 130
641: (127,121), 148
642: (162,140), 215
643: (162,91), 253
644: (70,75), 499
645: (57,132), 406
646: (148,76), 299
647: (157,136), 630
648: (61,92), 171
649: (107,118), 328
650: (68,99), 175
651: (139,94), 379
652: (85,83), 210
653: (169,76), 443
654: (168,76), 145
655: (127,74), 487
656: (164,87), 73
657: (168,73), 52
658: (98,128), 538
659: (110,122), 546
660: (141,121), 126
661: (152,91), 605
662: (50,101), 256
663: (62,73), 111
664: (161,139), 559
665: (147,93), 416
666: (48,123), 422
667: (146,75), 62
668: (55,74), 510
669: (54,94), 473
670: (61,86), 197
671: (132,119), 102
672: (56,75), 668
673: (148,124), 36
674: (48,91), 459
675: (86,86), 254
676: (154,72), 185
677: (148,92), 665
678: (82,80), 415
679: (72,120), 433
680: (144,92), 416
681: (95,119), 586
682: (151,73), 537
683: (166,90), 601
684: (168,146), 585
685: (141,79), 3
686: (167,87), 391
687: (53,107), 201
688: (153,131), 192
689: (101,121), 118
690: (146,92), 665
691: (65,106), 199
692: (136,76), 12
693: (136,79), 413
694: (70,100), 431
695: (165,96), 155
696: (54,97), 530
697: (72,76), 374
698: (51,98), 530
699: (50,113), 236
700: (124,119), 148
701: (145,70), 267
702: (66,93), 632
703: (53,76), 510
704: (119,122), 486
705: (94,144), 244
706: (153,79), 552
707: (168,80), 196
708: (140,97), 6
709: (68,78), 169
710: (120,69), 18
711: (58,113), 198
712: (151,97), 509
713: (111,120), 546
714: (65,123), 350
715: (73,114), 578
716: (98,133), 538
717: (166,72), 237
718: (103,122), 392
719: (109,59), 474
720: (73,73), 374
721: (58,129), 200
722: (116,63), 1
723: (98,141), 263
724: (58,78), 203
725: (137,118), 189
726: (116,63), 722
727: (69,76), 644
728: (62,100), 421
729: (167,89), 283
730: (153,94), 164
731: (108,55), 331
732: (146,113), 60
733: (154,127), 280
734: (48,102), 256
735: (63,89), 423
736: (56,117), 255
737: (146,104), 365
738: (60,74), 94
739: (133,79), 109
740: (83,87), 113
741: (56,86), 320
742: (51,128), 98
743: (61,79), 167
744: (118,121), 382
745: (75,91), 116
746: (110,63), 252
747: (126,74), 487
748: (55,90), 557
749: (53,85), 333
750: (127,82), 319
751: (152,79), 213
752: (169,146), 684
753: (148,95), 665
754: (141,92), 5
755: (58,82), 420
756: (53,101), 313
757: (61,117), 334
758: (78,95), 176
759: (152,132), 192
760: (76,91), 116
761: (139,94), 651
762: (162,72), 59
763: (51,94), 125
764: (55,86), 741
765: (120,70), 18
766: (53,73), 510
767: (116,69), 494
768: (108,61), 0
769: (129,118), 242
770: (67,78), 709
771: (135,84), 108
772: (77,72), 594
773: (58,70), 304
774: (151,83), 57
775: (63,114), 88
776: (126,71), 63
777: (56,76), 672
778: (50,79), 339
779: (136,79), 693
780: (66,76), 222
781: (65,100), 104
782: (56,116), 736
783: (80,90), 278
784: (74,113), 715
785: (168,142), 50
786: (52,90), 300
787: (108,120), 595
788: (118,69), 710
789: (126,72), 63
790: (60,77), 241
791: (83,79), 360
792: (50,109), 403
793: (155,75), 80
794: (149,73), 245
795: (94,140), 244
796: (136,83), 438
797: (134,86), 4
798: (108,65), 51
799: (139,70), 58
800: (63,119), 598
801: (127,119), 148
802: (60,114), 221
803: (64,73), 184
804: (163,85), 33
805: (56,83), 204
806: (81,119), 193
807: (139,91), 77
808: (107,57), 355
809: (104,60), 27
810: (52,86), 583
811: (107,120), 787
812: (106,118), 328
813: (50,113), 699
814: (149,75), 330
815: (82,79), 620
816: (69,114), 285
817: (159,132), 54
818: (52,75), 510
819: (153,125), 516
820: (66,104), 597
821: (57,115), 555
822: (80,85), 444
823: (52,70), 542
824: (73,83), 452
825: (59,117), 255
826: (60,127), 462
827: (81,87), 581
828: (57,102), 182
829: (143,108), 411
830: (151,90), 230
831: (65,76), 222
832: (56,116), 782
833: (157,97), 172
834: (76,90), 760
835: (76,97), 356
836: (96,124), 335
837: (61,93), 186
838: (54,97), 696
839: (152,85), 268
840: (67,115), 285
841: (104,61), 535
842: (54,122), 233
843: (53,110), 223
844: (165,88), 341
845: (59,135), 442
846: (69,105), 93
847: (75,71), 594
848: (70,86), 163
849: (154,129), 733
850: (52,87), 583
851: (50,121), 344
852: (71,107), 161
853: (129,81), 11
854: (128,81), 853
855: (67,93), 702
856: (84,79), 415
857: (47,121), 479
858: (94,137), 795
859: (70,105), 846
860: (134,82), 25
861: (96,124), 836
862: (94,128), 498
863: (102,120), 689
864: (71,87), 472
865: (57,117), 255
866: (53,96), 473
867: (59,80), 612
868: (58,130), 721
869: (121,122), 486
870: (60,107), 515
871: (60,106), 870
872: (96,128), 658
873: (95,139), 795
874: (46,86), 246
875: (131,119), 671
876: (98,138), 523
877: (117,73), 191
878: (94,126), 335
879: (85,81), 210
880: (64,93), 702
881: (77,93), 176
882: (62,108), 120
883: (68,112), 357
884: (94,140), 795
885: (169,98), 449
886: (50,123), 282
887: (66,120), 219
888: (156,132), 54
889: (59,110), 198
890: (145,105), 365
891: (111,60), 78
892: (54,73), 766
893: (124,71), 361
894: (47,76), 580
895: (50,104), 256
896: (100,122), 118
897: (72,101), 92
898: (46,72), 117
899: (152,93), 69
900: (56,125), 205
901: (76,79), 229
902: (96,139), 873
903: (154,70), 185
904: (47,109), 792
905: (168,81), 196
906: (141,81), 151
907: (48,70), 117
908: (67,79), 633
909: (164,73), 59
910: (59,75), 94
911: (131,71), 48
912: (50,97), 698
913: (59,86), 320
914: (46,113), 236
915: (116,66), 385
916: (64,103), 202
917: (68,100), 650
918: (126,74), 747
919: (72,70), 419
920: (143,78), 340
921: (96,136), 429
922: (148,83), 57
923: (101,119), 863
924: (64,131), 517
925: (158,77), 37
926: (49,77), 339
927: (154,97), 172
928: (60,74), 738
929: (52,124), 272
930: (170,76), 443
931: (165,91), 352
932: (82,77), 554
933: (158,76), 37
934: (81,121), 147
935: (142,92), 5
936: (157,92), 536
937: (135,78), 693
938: (142,113), 394
939: (78,91), 380
940: (127,70), 776
941: (163,136), 141
942: (82,88), 569
943: (167,83), 196
944: (84,88), 157
945: (66,125), 122
946: (74,109), 160
947: (165,78), 332
948: (165,74), 14
949: (66,70), 184
950: (56,90), 557
951: (150,97), 509
952: (74,93), 432
953: (46,103), 277
954: (50,74), 386
955: (148,93), 665
956: (168,146), 684
957: (52,111), 223
958: (54,123), 233
959: (49,121), 592
960: (145,112), 60
961: (115,63), 1
962: (52,75), 818
963: (79,77), 450
964: (150,89), 257
965: (127,71), 776
966: (52,95), 584
967: (67,109), 264
968: (152,126), 819
969: (155,91), 61
970: (169,76), 443
971: (66,116), 558
972: (115,121), 496
973: (163,139), 215
974: (56,80), 612
975: (71,108), 216
976: (115,64), 1
977: (119,66), 624
978: (67,121), 82
979: (170,76), 930
980: (129,122), 641
981: (55,77), 531
982: (73,75), 374
983: (56,83), 805
984: (52,94), 125
985: (58,98), 259
986: (138,94), 42
987: (56,102), 828
988: (153,133), 192
989: (46,81), 426
990: (160,132), 817
991: (81,85), 437
992: (131,76), 71
993: (48,70), 907
994: (53,122), 842
995: (75,71), 847
996: (72,78), 248
997: (63,105), 202
998: (154,129), 849
999: (142,77), 340
1000: (155,131), 514
1001: (53,105), 475
1002: (55,101), 987
1003: (57,85), 741
1004: (94,121), 504
1005: (74,79), 248
1006: (75,79), 229
1007: (47,119), 857
1008: (155,84), 121
1009: (136,85), 108
1010: (51,92), 125
1011: (49,84), 246
1012: (120,74), 409
1013: (74,110), 946
1014: (139,95), 651
1015: (50,125), 98
1016: (153,132), 192
1017: (128,119), 148
1018: (72,117), 506
1019: (146,126), 611
1020: (70,104), 859
1021: (134,90), 521
1022: (77,93), 881
1023: (80,84), 822
1024: (75,78), 229
1025: (117,72), 191
1026: (105,61), 547
1027: (58,117), 255
1028: (145,82), 20
1029: (46,116), 637
1030: (70,78), 181
1031: (84,82), 258
1032: (75,121), 206
1033: (77,121), 206
1034: (169,142), 50
1035: (141,122), 126
1036: (56,105), 178
1037: (129,72), 7
1038: (79,80), 587
1039: (169,146), 752
1040: (132,85), 628
1041: (138,80), 128
1042: (56,126), 205
1043: (141,80), 3
1044: (166,70), 84
1045: (75,76), 229
1046: (52,110), 843
1047: (63,133), 132
1048: (76,96), 356
1049: (169,78), 318
1050: (66,129), 505
1051: (136,79), 693
1052: (124,80), 194
1053: (72,105), 589
1054: (168,82), 905
1055: (75,78), 229
1056: (122,75), 46
1057: (57,89), 557
1058: (170,80), 284
1059: (135,75), 404
1060: (161,133), 149
1061: (47,115), 100
1062: (48,124), 422
1063: (80,119), 806
1064: (74,83), 824
1065: (163,96), 398
1066: (155,94), 164
1067: (69,85), 848
1068: (170,142), 1034
1069: (152,81), 363
1070: (65,91), 308
1071: (168,145), 684
1072: (143,81), 412
1073: (152,92), 661
1074: (72,90), 399
1075: (164,93), 44
1076: (109,65), 798
1077: (166,82), 196
1078: (77,92), 541
1079: (57,80), 612
1080: (140,72), 58
1081: (81,78), 591
1082: (128,84), 39
1083: (63,74), 111
1084: (49,76), 251
1085: (67,111), 357
1086: (66,100), 104
1087: (119,70), 765
1088: (145,94), 416
1089: (144,87), 456
1090: (141,118), 99
1091: (75,79), 1006
1092: (139,73), 327
1093: (154,131), 688
1094: (54,126), 110
1095: (57,128), 200
1096: (47,113), 236
1097: (170,80), 1058
1098: (59,113), 711
1099: (85,84), 652
1100: (71,122), 159
1101: (111,65), 270
1102: (53,116), 492
1103: (77,119), 476
1104: (47,113), 1096
1105: (143,111), 394
1106: (126,83), 39
1107: (135,87), 134
1108: (146,101), 484
1109: (46,106), 290
1110: (49,108), 403
1111: (47,85), 246
1112: (166,98), 449
1113: (148,83), 922
1114: (56,131), 406
1115: (167,140), 316
1116: (51,116), 362
1117: (57,96), 563
1118: (117,67), 16
1119: (72,75), 374
1120: (46,96), 349
1121: (88,121), 45
1122: (167,73), 657
1123: (146,104), 737
1124: (136,119), 725
1125: (155,73), 358
1126: (98,145), 610
1127: (126,82), 293
1128: (85,88), 157
1129: (47,120), 857
1130: (146,118), 35
1131: (86,121), 45
1132: (113,64), 1
1133: (142,105), 418
1134: (80,87), 581
1135: (77,92), 541
1136: (64,102), 488
1137: (124,79), 194
1138: (158,76), 933
1139: (75,81), 466
1140: (147,71), 503
1141: (155,70), 903
1142: (122,72), 361
1143: (149,78), 292
1144: (143,87), 1089
1145: (135,90), 521
1146: (84,119), 143
1147: (70,98), 175
1148: (51,83), 1011
1149: (107,57), 355
1150: (60,119), 146
1151: (96,141), 263
1152: (50,123), 886
1153: (155,128), 280
1154: (142,115), 294
1155: (127,71), 965
1156: (147,80), 106
1157: (153,83), 774
1158: (149,126), 36
1159: (50,116), 362
1160: (62,134), 132
1161: (142,101), 65
1162: (66,71), 949
1163: (146,104), 737
1164: (136,77), 692
1165: (70,81), 183
1166: (83,82), 1031
1167: (51,104), 895
1168: (47,105), 290
1169: (48,107), 1110
1170: (148,84), 922
1171: (124,121), 700
1172: (167,92), 101
1173: (63,81), 167
1174: (144,77), 340
1175: (146,70), 503
1176: (68,91), 308
1177: (81,121), 934
1178: (70,125), 389
1179: (139,87), 75
1180: (80,90), 783
1181: (59,92), 171
1182: (56,117), 736
1183: (47,103), 405
1184: (146,77), 299
1185: (48,89), 296
1186: (152,74), 22
1187: (154,97), 927
1188: (69,83), 183
1189: (124,78), 1137
1190: (144,89), 456
1191: (61,130), 868
1192: (52,84), 749
1193: (108,121), 41
1194: (71,84), 163
1195: (60,122), 448
1196: (144,113), 60
1197: (152,124), 287
1198: (80,80), 1038
1199: (164,90), 24
1200: (143,112), 394
1201: (54,111), 223
1202: (62,123), 86
1203: (66,117), 971
1204: (53,75), 510
1205: (58,102), 182
1206: (132,70), 48
1207: (152,130), 688
1208: (70,109), 216
1209: (71,92), 490
1210: (167,88), 283
1211: (85,81), 210
1212: (132,82), 79
1213: (60,123), 1195
1214: (159,77), 37
1215: (118,74), 424
1216: (60,78), 241
1217: (140,96), 6
1218: (132,120), 671
1219: (112,61), 891
1220: (76,87), 231
1221: (114,64), 1
1222: (163,136), 941
1223: (72,93), 312
1224: (62,94), 565
1225: (142,120), 660
1226: (134,80), 471
1227: (69,124), 389
1228: (115,72), 351
1229: (166,139), 310
1230: (153,125), 819
1231: (143,118), 91
1232: (74,94), 432
1233: (65,92), 1070
1234: (85,87), 156
1235: (60,135), 845
1236: (168,79), 707
1237: (75,96), 1048
1238: (97,127), 658
1239: (146,76), 667
1240: (61,106), 871
1241: (156,77), 138
1242: (156,130), 514
1243: (128,80), 11
1244: (49,83), 1011
1245: (124,81), 194
1246: (73,98), 123
1247: (58,126), 238
1248: (62,134), 1160
1249: (61,70), 154
1250: (53,88), 583
1251: (98,118), 353
1252: (156,79), 138
1253: (152,88), 29
1254: (49,94), 459
1255: (51,127), 98
1256: (148,84), 1170
1257: (77,95), 176
1258: (164,70), 1044
1259: (66,130), 505
1260: (142,117), 91
1261: (72,89), 599
1262: (70,73), 373
1263: (51,95), 584
1264: (149,71), 447
1265: (168,77), 145
1266: (52,75), 818
1267: (49,81), 426
1268: (64,87), 507
1269: (53,90), 786
1270: (58,70), 773
1271: (120,75), 409
1272: (60,96), 512
1273: (163,138), 215
1274: (150,92), 593
1275: (73,73), 720
1276: (170,98), 885
1277: (53,85), 749
1278: (62,82), 1173
1279: (117,70), 191
1280: (112,118), 713
1281: (95,136), 921
1282: (63,109), 120
1283: (72,77), 697
1284: (72,104), 1053
1285: (98,119), 1251
1286: (114,121), 972
1287: (65,123), 714
1288: (68,79), 169
1289: (155,71), 1141
1290: (73,111), 1013
1291: (84,87), 113
1292: (131,88), 628
1293: (127,70), 940
1294: (120,73), 424
1295: (55,74), 668
1296: (97,130), 538
1297: (54,94), 669
1298: (52,127), 1255
1299: (109,120), 595
1300: (73,82), 824
1301: (159,139), 559
1302: (145,73), 38
1303: (48,95), 359
1304: (151,123), 287
1305: (135,74), 1059
1306: (77,122), 206
1307: (54,101), 756
1308: (74,97), 346
1309: (164,75), 948
1310: (149,88), 964
1311: (154,70), 903
1312: (167,138), 635
1313: (90,118), 445
1314: (110,60), 9
1315: (160,135), 74
1316: (72,113), 715
1317: (82,119), 806
1318: (141,120), 660
1319: (73,121), 679
1320: (148,78), 299
1321: (97,124), 836
1322: (59,122), 448
1323: (152,96), 509
1324: (149,81), 57
1325: (56,132), 406
1326: (141,87), 75
1327: (149,97), 34
1328: (124,121), 1171
1329: (155,133), 888
1330: (140,94), 379
1331: (114,68), 265
1332: (49,89), 1185
1333: (46,75), 580
1334: (118,73), 424
1335: (125,75), 2
1336: (81,89), 783
1337: (132,89), 1292
1338: (62,103), 202
1339: (153,72), 185
1340: (59,96), 1272
1341: (70,89), 1261
1342: (147,124), 673
1343: (159,71), 291
1344: (131,121), 533
1345: (123,73), 361
1346: (121,118), 378
1347: (68,103), 115
1348: (146,104), 737
1349: (82,119), 1317
1350: (68,125), 337
1351: (59,78), 203
1352: (154,84), 121
1353: (147,128), 129
1354: (97,132), 538
1355: (74,120), 209
1356: (68,126), 548
1357: (74,92), 952
1358: (147,82), 106
1359: (61,75), 94
1360: (140,85), 439
1361: (137,85), 108
1362: (50,119), 344
1363: (53,85), 749
1364: (69,124), 1227
1365: (142,113), 938
1366: (97,136), 921
1367: (112,119), 1280
1368: (52,83), 1148
1369: (169,84), 461
1370: (65,109), 401
1371: (96,129), 872
1372: (146,108), 226
1373: (74,95), 432
1374: (50,86), 218
1375: (68,86), 540
1376: (57,128), 1095
1377: (64,86), 1268
1378: (78,90), 380
1379: (52,109), 1046
1380: (158,76), 933
1381: (129,81), 853
1382: (133,118), 102
1383: (74,109), 946
1384: (56,131), 406
1385: (51,100), 662
1386: (98,129), 658
1387: (94,130), 497
1388: (70,99), 694
1389: (69,105), 846
1390: (128,71), 965
1391: (55,75), 668
1392: (156,92), 536
1393: (70,101), 130
1394: (153,98), 927
1395: (57,74), 672
1396: (70,108), 975
1397: (148,72), 447
1398: (105,60), 547
1399: (63,123), 1202
1400: (50,76), 1084
1401: (136,74), 12
1402: (51,116), 1116
1403: (106,59), 1398
1404: (170,70), 84
1405: (78,89), 278
1406: (130,86), 628
1407: (97,120), 211
1408: (61,80), 167
1409: (88,118), 89
1410: (48,97), 349
1411: (65,71), 1162
1412: (80,91), 783
1413: (161,77), 636
1414: (143,118), 1231
1415: (49,77), 926
1416: (94,125), 878
1417: (156,97), 833
1418: (118,67), 16
1419: (161,137), 74
1420: (84,82), 1031
1421: (159,74), 314
1422: (140,90), 77
1423: (52,95), 584
1424: (67,122), 82
1425: (51,114), 699
1426: (96,137), 921
1427: (117,122), 382
1428: (75,73), 477
1429: (96,141), 1151
1430: (153,96), 1323
1431: (88,119), 89
1432: (168,92), 87
1433: (147,123), 528
1434: (89,119), 89
1435: (152,85), 839
1436: (56,118), 736
1437: (145,88), 456
1438: (151,72), 682
1439: (50,104), 895
1440: (154,95), 164
1441: (169,143), 1034
1442: (57,106), 178
1443: (153,80), 552
1444: (164,143), 150
1445: (84,120), 329
1446: (139,78), 413
1447: (50,127), 98
1448: (51,83), 1148
1449: (120,122), 486
1450: (57,96), 1117
1451: (143,82), 1072
1452: (152,81), 1069
1453: (140,94), 1330
1454: (72,80), 139
1455: (132,118), 102
1456: (146,79), 158
1457: (72,118), 1018
1458: (153,93), 164
1459: (72,121), 433
1460: (152,91), 661
1461: (56,108), 435
1462: (61,132), 132
1463: (62,128), 295
1464: (51,103), 313
1465: (125,78), 97
1466: (69,115), 285
1467: (153,73), 22
1468: (47,108), 904
1469: (78,88), 1405
1470: (144,83), 274
1471: (106,118), 812
1472: (48,83), 426
1473: (124,74), 2
1474: (164,84), 33
1475: (49,103), 256
1476: (124,122), 1171
1477: (151,71), 227
1478: (70,115), 578
1479: (145,84), 274
1480: (56,120), 1436
1481: (60,83), 420
1482: (140,120), 1318
1483: (62,74), 111
1484: (67,88), 639
1485: (57,114), 821
1486: (154,97), 927
1487: (114,63), 961
1488: (154,94), 164
1489: (154,93), 1458
1490: (163,86), 397
1491: (106,118), 812
1492: (140,118), 99
1493: (61,88), 177
1494: (167,72), 237
1495: (59,103), 83
1496: (135,91), 137
1497: (148,93), 955
1498: (71,78), 996
1499: (82,83), 1166
1500: (129,73), 7
1501: (66,105), 597
1502: (157,82), 19
1503: (168,82), 1054
1504: (50,83), 1148
1505: (46,93), 609
1506: (160,133), 149
1507: (98,141), 723
1508: (51,114), 1425
1509: (70,122), 1100
1510: (156,93), 1392
1511: (64,97), 428
1512: (166,73), 14
1513: (65,74), 184
1514: (149,123), 629
1515: (162,89), 73
1516: (53,110), 843
1517: (164,135), 941
1518: (52,112), 223
1519: (104,118), 812
1520: (163,139), 973
1521: (70,103), 384
1522: (165,82), 441
1523: (65,106), 691
1524: (144,109), 85
1525: (167,144), 585
1526: (71,111), 216
1527: (74,86), 619
1528: (144,87), 1089
1529: (138,88), 212
1530: (74,105), 160
1531: (58,104), 1495
1532: (51,89), 786
1533: (150,131), 602
1534: (57,92), 266
1535: (50,76), 1400
1536: (80,86), 444
1537: (150,82), 57
1538: (134,119), 102
1539: (115,119), 53
1540: (74,108), 946
1541: (97,134), 716
1542: (50,74), 954
1543: (47,88), 296
1544: (51,91), 1010
1545: (117,70), 1279
1546: (159,73), 1421
1547: (121,68), 710
1548: (160,96), 21
1549: (88,85), 254
1550: (70,109), 1208
1551: (109,58), 140
1552: (72,121), 1459
1553: (54,84), 333
1554: (77,81), 466
1555: (75,83), 1064
1556: (144,74), 55
1557: (122,72), 1142
1558: (60,117), 757
1559: (150,74), 245
1560: (170,142), 1068
1561: (161,75), 168
1562: (53,95), 473
1563: (141,77), 381
1564: (143,74), 55
1565: (68,96), 632
1566: (149,94), 753
1567: (83,122), 64
1568: (120,69), 710
1569: (169,90), 66
1570: (136,77), 1164
1571: (79,118), 1063
1572: (73,88), 599
1573: (72,107), 852
1574: (98,134), 716
1575: (161,80), 15
1576: (64,77), 112
1577: (151,71), 1477
1578: (153,132), 1016
1579: (96,131), 1296
1580: (146,117), 603
1581: (49,112), 236
1582: (114,62), 1487
1583: (130,81), 853
1584: (59,106), 871
1585: (160,88), 309
1586: (130,120), 875
1587: (97,127), 1238
1588: (55,123), 233
1589: (170,145), 752
1590: (59,77), 203
1591: (60,137), 1235
1592: (54,80), 582
1593: (83,121), 64
1594: (86,85), 454
1595: (113,122), 1286
1596: (73,117), 1018
1597: (168,89), 729
1598: (170,146), 752
1599: (89,118), 89
1600: (74,76), 1045
1601: (75,94), 1232
1602: (154,82), 347
1603: (63,104), 202
1604: (76,89), 834
1605: (76,81), 466
1606: (46,99), 95
1607: (79,77), 963
1608: (124,70), 893
1609: (71,110), 216
1610: (55,89), 748
1611: (143,102), 1161
1612: (162,90), 643
1613: (46,98), 95
1614: (67,102), 273
1615: (56,80), 974
1616: (46,117), 1029
1617: (73,117), 1596
1618: (138,70), 799
1619: (165,95), 131
1620: (50,117), 362
1621: (76,85), 231
1622: (161,142), 642
1623: (125,79), 1137
1624: (164,86), 33
1625: (116,63), 722
1626: (55,101), 1002
1627: (123,75), 46
1628: (152,126), 968
1629: (58,124), 306
1630: (116,72), 1025
1631: (126,119), 148
1632: (72,75), 1119
1633: (143,96), 1088
1634: (145,126), 1019
1635: (73,104), 1284
1636: (154,133), 192
1637: (127,83), 39
1638: (56,117), 736
1639: (164,88), 40
1640: (145,99), 26
1641: (67,122), 1424
1642: (47,105), 1168
1643: (115,71), 351
1644: (121,68), 1547
1645: (157,95), 457
1646: (168,84), 1369
1647: (129,119), 769
1648: (61,120), 1150
1649: (151,124), 287
1650: (135,78), 937
1651: (79,80), 1038
1652: (48,70), 907
1653: (52,105), 475
1654: (59,106), 1584
1655: (156,82), 1502
1656: (134,121), 234
1657: (158,72), 1343
1658: (159,74), 1421
1659: (163,73), 59
1660: (157,82), 1502
1661: (75,70), 847
1662: (149,130), 602
1663: (46,88), 570
1664: (46,100), 1606
1665: (58,129), 721
1666: (160,133), 1506
1667: (60,103), 83
1668: (57,105), 178
1669: (73,77), 1283
1670: (82,89), 240
1671: (52,123), 282
1672: (163,85), 804
1673: (168,91), 1432
1674: (136,87), 134
1675: (157,89), 250
1676: (111,58), 78
1677: (127,77), 571
1678: (141,98), 6
1679: (74,90), 399
1680: (154,133), 1636
1681: (165,93), 527
1682: (129,84), 49
1683: (69,82), 183
1684: (151,81), 363
1685: (72,70), 919
1686: (58,70), 773
1687: (66,122), 455
1688: (165,146), 150
1689: (156,132), 888
1690: (98,140), 723
1691: (72,104), 1284
1692: (56,78), 613
1693: (154,81), 347
1694: (128,71), 1390
1695: (72,123), 159
1696: (170,87), 336
1697: (94,138), 858
1698: (94,144), 705
1699: (72,124), 1695
1700: (77,83), 1554
1701: (69,85), 1067
1702: (51,81), 90
1703: (62,109), 882
1704: (114,120), 1286
1705: (136,92), 137
1706: (64,124), 407
1707: (146,81), 20
1708: (77,81), 1554
1709: (72,79), 139
1710: (53,129), 395
1711: (58,109), 515
1712: (112,67), 348
1713: (126,71), 776
1714: (55,94), 451
1715: (150,97), 951
1716: (67,102), 1614
1717: (83,88), 569
1718: (150,72), 1438
1719: (68,82), 1683
1720: (74,112), 784
1721: (170,145), 1589
1722: (56,105), 1036
1723: (170,92), 66
1724: (142,92), 935
1725: (63,115), 88
1726: (55,70), 625
1727: (79,74), 594
1728: (95,127), 335
1729: (64,100), 781
1730: (142,81), 906
1731: (164,137), 215
1732: (132,73), 162
1733: (54,97), 696
1734: (79,84), 1023
1735: (56,130), 406
1736: (62,87), 507
1737: (47,91), 674
1738: (65,127), 122
1739: (49,85), 1011
1740: (113,69), 67
1741: (53,77), 703
1742: (55,73), 668
1743: (163,137), 144
1744: (165,97), 155
1745: (73,98), 1246
1746: (63,132), 1047
1747: (152,130), 1207
1748: (77,88), 1469
1749: (141,86), 439
1750: (136,92), 1705
1751: (166,98), 1112
1752: (70,82), 1165
1753: (61,76), 436
1754: (143,106), 418
1755: (67,70), 949
1756: (47,111), 904
1757: (65,122), 714
1758: (143,92), 680
1759: (60,124), 1213
1760: (64,78), 1576
1761: (62,77), 491
1762: (114,119), 1539
1763: (70,85), 163
1764: (58,118), 146
1765: (56,107), 105
1766: (137,71), 481
1767: (155,95), 172
1768: (53,115), 1102
1769: (57,86), 741
1770: (56,108), 1461
1771: (165,91), 931
1772: (54,130), 395
1773: (53,119), 994
1774: (160,70), 291
1775: (52,76), 703
1776: (47,79), 425
1777: (109,122), 41
1778: (50,98), 698
1779: (151,79), 213
1780: (97,139), 523
1781: (48,125), 422
1782: (156,71), 232
1783: (132,84), 502
1784: (161,80), 1575
1785: (61,124), 1759
1786: (125,70), 495
1787: (155,130), 514
1788: (60,133), 132
1789: (79,77), 963
1790: (104,122), 392
1791: (110,66), 51
1792: (57,131), 406
1793: (141,98), 1678
1794: (136,79), 693
1795: (161,138), 559
1796: (153,84), 1157
1797: (50,118), 501
1798: (86,85), 454
1799: (153,72), 1339
1800: (156,91), 61
1801: (79,76), 963
1802: (122,120), 378
1803: (170,80), 1058
1804: (115,120), 972
1805: (56,126), 205
1806: (161,85), 180
1807: (144,119), 275
1808: (157,129), 514
1809: (134,70), 1206
1810: (50,71), 823
1811: (129,122), 980
1812: (73,99), 1246
1813: (55,87), 764
1814: (156,136), 630
1815: (54,83), 333
1816: (86,81), 210
1817: (106,122), 153
1818: (51,108), 403
1819: (168,91), 1673
1820: (62,80), 167
1821: (128,74), 655
1822: (156,96), 172
1823: (79,74), 1727
1824: (152,128), 968
1825: (168,79), 1236
1826: (163,85), 804
1827: (163,94), 1075
1828: (158,78), 249
1829: (63,117), 334
1830: (64,130), 517
1831: (56,113), 539
1832: (127,84), 39
1833: (51,124), 272
1834: (147,125), 1342
1835: (46,87), 874
1836: (53,128), 395
1837: (134,75), 404
1838: (153,91), 605
1839: (77,92), 541
1840: (65,111), 322
1841: (83,80), 415
1842: (145,122), 56
1843: (162,79), 303
1844: (145,77), 1174
1845: (47,99), 1606
1846: (128,74), 1821
1847: (65,100), 781
1848: (66,113), 357
1849: (74,110), 1013
1850: (52,86), 810
1851: (54,116), 1102
1852: (78,74), 1727
1853: (159,92), 536
1854: (157,135), 647
1855: (131,74), 1732
1856: (159,94), 457
1857: (122,78), 1189
1858: (57,104), 1531
1859: (57,107), 178
1860: (160,97), 1548
1861: (146,79), 1456
1862: (56,107), 1765
1863: (72,101), 92
1864: (106,121), 153
1865: (47,84), 246
1866: (47,94), 297
1867: (130,120), 1586
1868: (73,90), 399
1869: (151,72), 1438
1870: (141,121), 660
1871: (128,80), 1243
1872: (61,112), 393
1873: (150,128), 602
1874: (148,119), 376
1875: (74,109), 946
1876: (153,133), 192
1877: (95,119), 681
1878: (148,76), 646
1879: (136,93), 174
1880: (137,76), 692
1881: (82,86), 437
1882: (80,79), 1198
1883: (117,122), 1427
1884: (98,144), 1126
1885: (152,81), 1069
1886: (62,122), 1202
1887: (145,98), 1640
1888: (162,91), 643
1889: (57,105), 1668
1890: (145,112), 960
1891: (70,105), 859
1892: (167,72), 1494
1893: (116,72), 1630
1894: (143,90), 262
1895: (63,114), 88
1896: (61,127), 462
1897: (69,101), 130
1898: (65,123), 714
1899: (110,60), 1314
1900: (158,78), 1828
1901: (61,104), 83
1902: (63,106), 997
1903: (141,87), 1326
1904: (110,66), 51
1905: (95,137), 858
1906: (164,73), 909
1907: (57,90), 557
1908: (165,85), 33
1909: (164,84), 1474
1910: (137,119), 725
1911: (69,111), 357
1912: (130,82), 1583
1913: (157,79), 249
1914: (153,93), 1458
1915: (112,122), 1595
1916: (149,82), 57
1917: (128,120), 1017
1918: (155,76), 793
1919: (72,95), 312
1920: (121,122), 869
1921: (57,108), 435
1922: (148,86), 1170
1923: (149,72), 245
1924: (155,132), 888
1925: (128,79), 70
1926: (73,98), 1246
1927: (70,85), 1763
1928: (46,107), 290
1929: (114,69), 265
1930: (153,129), 849
1931: (157,83), 1502
1932: (149,79), 1143
1933: (73,111), 1290
1934: (140,90), 1422
1935: (49,107), 1110
1936: (135,122), 1656
1937: (71,83), 1194
1938: (98,128), 658
1939: (132,80), 471
1940: (130,121), 1344
1941: (59,89), 177
1942: (157,86), 114
1943: (127,71), 965
1944: (68,94), 434
1945: (123,73), 1345
1946: (120,119), 378
1947: (135,78), 937
1948: (119,70), 1087
1949: (57,106), 178
1950: (76,72), 594
1951: (58,117), 255
1952: (56,97), 563
1953: (61,74), 111
1954: (143,103), 1611
1955: (131,70), 48
1956: (72,78), 996
1957: (119,119), 378
1958: (116,71), 191
1959: (62,118), 334
1960: (124,121), 1171
1961: (160,139), 559
1962: (53,92), 300
1963: (100,119), 923
1964: (49,71), 1810
1965: (60,71), 207
1966: (69,83), 1188
1967: (49,97), 912
1968: (98,118), 1251
1969: (46,111), 1756
1970: (131,86), 628
1971: (75,94), 1601
1972: (66,87), 354
1973: (77,83), 1700
1974: (130,71), 48
1975: (162,141), 642
1976: (150,93), 69
1977: (77,88), 1748
1978: (169,75), 52
1979: (46,121), 479
1980: (168,82), 1054
1981: (77,92), 541
1982: (170,83), 1369
1983: (70,78), 1030
1984: (54,118), 1773
1985: (101,119), 923
1986: (70,88), 1341
1987: (62,104), 1338
1988: (46,107), 1928
1989: (138,89), 43
1990: (49,82), 426
1991: (137,82), 438
1992: (114,71), 351
1993: (162,89), 1515
1994: (68,90), 308
1995: (82,87), 113
1996: (67,117), 577
1997: (167,88), 283
1998: (112,63), 270
1999: (164,136), 941
2000: (61,112), 1872
2001: (52,118), 1773
2002: (164,77), 338
2003: (155,90), 61
2004: (46,77), 425
2005: (74,97), 1308
2006: (74,74), 477
2007: (53,89), 1250
2008: (68,77), 709
2009: (57,114), 1485
2010: (140,96), 1217
2011: (97,132), 1354
2012: (94,120), 586
2013: (51,88), 1532
2014: (168,71), 414
2015: (142,110), 1105
2016: (58,98), 259
2017: (66,103), 597
2018: (82,90), 1670
2019: (57,100), 190
2020: (50,118), 501
2021: (46,112), 914
2022: (130,72), 7
2023: (70,91), 1209
2024: (106,118), 812
2025: (167,92), 1172
2026: (65,106), 691
2027: (78,95), 758
2028: (144,95), 1088
2029: (82,118), 1317
2030: (146,78), 1184
2031: (124,75), 2
2032: (48,90), 674
2033: (135,82), 25
2034: (68,74), 228
2035: (141,121), 660
2036: (147,125), 1834
2037: (108,58), 1551
2038: (57,120), 1480
2039: (145,89), 1190
2040: (155,130), 1787
2041: (139,96), 1014
2042: (144,83), 1470
2043: (89,120), 89
2044: (63,72), 663
2045: (157,77), 249
2046: (142,119), 1225
2047: (145,90), 2039
2048: (166,146), 1688
2049: (65,132), 517
2050: (103,121), 392
2051: (65,70), 949
2052: (163,140), 642
2053: (119,73), 424
2054: (93,122), 504
2055: (140,84), 1360
2056: (155,136), 630
2057: (168,75), 145
2058: (116,71), 1958
2059: (86,118), 143
2060: (57,92), 1534
2061: (118,67), 1418
2062: (83,80), 1841
2063: (162,71), 762
2064: (135,122), 1936
2065: (150,75), 482
2066: (159,79), 15
2067: (170,76), 930
2068: (73,109), 946
2069: (47,99), 1845
2070: (150,85), 839
2071: (148,97), 1327
2072: (60,86), 670
2073: (126,83), 1106
2074: (54,72), 892
2075: (98,139), 876
2076: (131,70), 1955
2077: (59,118), 146
2078: (63,125), 86
2079: (149,96), 1327
2080: (63,77), 1576
2081: (138,78), 1446
2082: (140,85), 1360
2083: (164,94), 179
2084: (66,123), 455
2085: (61,126), 462
2086: (50,81), 1267
2087: (66,119), 887
2088: (114,64), 1221
2089: (66,107), 199
2090: (143,114), 60
2091: (144,112), 60
2092: (143,102), 1611
2093: (140,91), 30
2094: (62,82), 1278
2095: (156,92), 1392
2096: (62,71), 154
2097: (62,75), 111
2098: (106,118), 812
2099: (163,137), 1743
2100: (139,120), 1482
2101: (79,93), 550
2102: (161,75), 168
2103: (146,83), 274
2104: (144,107), 365
2105: (69,76), 727
2106: (144,75), 62
2107: (160,76), 37
2108: (118,73), 1334
2109: (143,101), 1161
2110: (49,92), 459
2111: (53,98), 530
2112: (98,126), 1238
2113: (153,95), 164
2114: (61,80), 1408
2115: (139,96), 2041
2116: (104,61), 535
2117: (46,112), 2021
2118: (60,100), 239
2119: (81,76), 554
2120: (64,130), 1830
2121: (98,122), 896
2122: (63,123), 1399
2123: (113,65), 1132
2124: (81,118), 806
2125: (160,81), 19
2126: (65,101), 104
2127: (70,90), 1341
2128: (138,75), 12
2129: (47,100), 1664
2130: (132,86), 628
2131: (63,125), 86
2132: (74,112), 1720
2133: (71,99), 431
2134: (148,70), 553
2135: (57,78), 724
2136: (77,119), 1103
2137: (153,75), 22
2138: (170,88), 1696
2139: (57,91), 1534
2140: (155,70), 1141
2141: (47,89), 402
2142: (124,81), 1245
2143: (162,74), 59
2144: (67,81), 169
2145: (89,119), 89
2146: (165,87), 261
2147: (159,74), 1421
2148: (140,96), 1217
2149: (51,86), 810
2150: (63,118), 334
2151: (46,121), 479
2152: (158,94), 457
2153: (68,94), 1944
2154: (134,77), 109
2155: (145,79), 158
2156: (60,129), 1191
2157: (137,89), 43
2158: (145,112), 960
2159: (95,134), 429
2160: (143,95), 1633
2161: (51,70), 823
2162: (75,121), 1032
2163: (51,90), 786
2164: (66,113), 1848
2165: (162,136), 141
2166: (159,131), 817
2167: (69,86), 848
2168: (123,79), 1137
2169: (49,83), 1244
2170: (58,115), 555
2171: (158,135), 1854
2172: (166,90), 683
2173: (129,85), 49
2174: (167,71), 414
2175: (130,71), 1974
2176: (112,121), 1915
2177: (67,75), 780
2178: (69,81), 183
2179: (158,138), 1301
2180: (110,66), 51
2181: (47,105), 1168
2182: (158,95), 457
2183: (98,125), 2112
2184: (51,128), 742
2185: (65,89), 639
2186: (146,99), 410
2187: (120,120), 378
2188: (47,112), 1096
2189: (149,84), 57
2190: (161,71), 2063
2191: (132,70), 1206
2192: (55,90), 748
2193: (119,122), 486
2194: (146,96), 545
2195: (109,58), 1551
2196: (61,80), 1408
2197: (132,73), 1732
2198: (112,119), 1367
2199: (138,120), 2100
2200: (135,78), 937
2201: (166,142), 316
2202: (46,107), 1928
2203: (160,76), 2107
2204: (77,82), 1554
2205: (56,102), 987
2206: (50,80), 778
2207: (74,84), 452
2208: (157,137), 647
2209: (81,76), 2119
2210: (46,99), 1606
2211: (152,86), 268
2212: (146,119), 35
2213: (142,100), 1161
2214: (70,86), 848
2215: (65,116), 558
2216: (84,121), 329
2217: (162,81), 1575
2218: (151,97), 509
2219: (69,123), 1227
2220: (75,81), 466
2221: (78,82), 2204
2222: (51,76), 1400
2223: (131,72), 48
2224: (48,70), 907
2225: (62,125), 86
2226: (143,77), 340
2227: (170,80), 1058
2228: (62,115), 522
2229: (67,127), 548
2230: (55,89), 1610
2231: (135,80), 1226
2232: (141,78), 381
2233: (95,145), 631
2234: (134,78), 109
2235: (163,76), 338
2236: (136,84), 108
2237: (56,72), 1742
2238: (156,81), 1655
2239: (158,85), 17
2240: (126,79), 70
2241: (139,88), 1179
2242: (71,114), 578
2243: (54,96), 473
2244: (170,145), 1589
2245: (158,79), 15
2246: (95,125), 335
2247: (169,78), 1049
2248: (161,86), 309
2249: (75,89), 1604
2250: (157,79), 1913
2251: (50,77), 926
2252: (48,84), 1011
2253: (56,77), 531
2254: (150,121), 629
2255: (166,70), 1044
2256: (73,112), 1290
2257: (62,70), 377
2258: (136,91), 1496
2259: (66,92), 702
2260: (127,122), 641
2261: (134,73), 162
2262: (132,122), 533
2263: (75,96), 1237
2264: (72,114), 715
2265: (169,77), 443
2266: (134,121), 1656
2267: (51,94), 763
2268: (73,73), 720
2269: (162,71), 2063
2270: (61,121), 1648
2271: (60,135), 1235
2272: (59,130), 868
2273: (60,83), 1481
2274: (151,131), 1533
2275: (59,100), 2118
2276: (53,74), 510
2277: (153,82), 1157
2278: (146,127), 611
2279: (65,76), 222
2280: (139,82), 556
2281: (159,73), 1546
2282: (76,78), 229
2283: (136,75), 692
2284: (76,80), 901
2285: (62,104), 1987
2286: (113,62), 1582
2287: (68,92), 1176
2288: (148,122), 528
2289: (63,73), 663
2290: (107,57), 355
2291: (149,73), 245
2292: (77,84), 1700
2293: (160,85), 180
2294: (139,87), 1179
2295: (114,71), 1992
2296: (55,78), 613
2297: (57,102), 828
2298: (57,102), 828
2299: (156,77), 1241
2300: (76,72), 1950
2301: (48,105), 1168
2302: (71,109), 216
2303: (53,124), 272
2304: (69,77), 727
2305: (70,82), 1752
2306: (82,119), 1317
2307: (72,99), 123
2308: (73,74), 374
2309: (135,77), 937
2310: (48,92), 459
2311: (56,92), 1534
2312: (53,118), 1773
2313: (52,70), 823
2314: (49,121), 959
2315: (120,72), 1294
2316: (80,119), 1063
2317: (154,126), 516
2318: (74,92), 1357
2319: (59,122), 448
2320: (96,139), 902
2321: (71,99), 2133
2322: (69,101), 130
2323: (67,104), 115
2324: (162,78), 1843
2325: (79,87), 444
2326: (56,104), 1036
2327: (112,69), 67
2328: (127,121), 641
2329: (64,118), 598
2330: (107,64), 798
2331: (65,102), 488
2332: (66,109), 967
2333: (169,96), 885
2334: (66,104), 597
2335: (120,122), 1449
2336: (118,65), 16
2337: (110,67), 51
2338: (162,81), 2217
2339: (152,98), 1394
2340: (57,117), 865
2341: (155,131), 1000
2342: (59,88), 177
2343: (146,112), 732
2344: (157,132), 54
2345: (49,114), 236
2346: (55,111), 539
2347: (51,91), 1544
2348: (94,136), 858
2349: (55,105), 1036
2350: (155,126), 2317
2351: (82,86), 1881
2352: (56,117), 736
2353: (62,109), 1703
2354: (56,77), 2253
2355: (122,121), 1802
2356: (56,83), 805
2357: (118,67), 1418
2358: (58,131), 868
2359: (129,70), 1390
2360: (46,120), 479
2361: (149,83), 57
2362: (99,118), 1251
2363: (155,75), 793
2364: (141,89), 500
2365: (141,97), 6
2366: (75,81), 466
2367: (125,78), 1465
2368: (58,115), 555
2369: (127,83), 1637
2370: (144,122), 56
2371: (153,91), 605
2372: (109,119), 595
2373: (157,72), 232
2374: (73,95), 432
2375: (157,77), 2045
2376: (160,98), 1860
2377: (48,83), 1472
2378: (164,84), 1474
2379: (57,79), 1079
2380: (155,80), 560
2381: (59,113), 1098
2382: (73,70), 919
2383: (152,131), 688
2384: (61,132), 1462
2385: (66,125), 945
2386: (70,77), 1030
2387: (163,94), 1827
2388: (155,73), 358
2389: (117,70), 1279
2390: (72,104), 1284
2391: (78,84), 1734
2392: (168,90), 1569
2393: (153,84), 1796
2394: (160,84), 180
2395: (157,79), 1913
2396: (135,79), 693
2397: (65,74), 1513
2398: (53,77), 1741
2399: (75,75), 477
2400: (60,70), 207
2401: (163,138), 1273
2402: (51,88), 2013
2403: (144,120), 275
2404: (148,92), 677
2405: (50,77), 2251
2406: (67,97), 1565
2407: (145,85), 364
2408: (98,122), 2121
2409: (64,129), 1830
2410: (67,114), 840
2411: (130,70), 1955
2412: (170,75), 32
2413: (127,77), 1677
2414: (105,121), 153
2415: (149,125), 1158
2416: (112,122), 1915
2417: (154,95), 1440
2418: (69,80), 169
2419: (96,131), 1579
2420: (73,116), 1596
2421: (54,111), 1201
2422: (166,70), 1044
2423: (116,69), 767
2424: (117,65), 385
2425: (156,79), 1252
2426: (169,88), 2138
2427: (166,143), 585
2428: (47,100), 2129
2429: (151,96), 509
2430: (138,92), 170
2431: (124,120), 700
2432: (164,97), 534
2433: (97,145), 1126
2434: (165,136), 1999
2435: (70,79), 181
2436: (130,121), 1940
2437: (74,102), 92
2438: (71,119), 506
2439: (62,125), 2225
2440: (119,68), 544
2441: (136,76), 692
2442: (141,92), 5
2443: (54,97), 696
2444: (156,127), 280
2445: (66,95), 632
2446: (147,122), 528
2447: (133,76), 404
2448: (155,74), 80
2449: (63,99), 428
2450: (114,118), 1762
2451: (57,104), 1858
2452: (68,70), 1755
2453: (124,70), 1608
2454: (164,94), 2083
2455: (94,123), 504
2456: (70,95), 152
2457: (51,113), 699
2458: (56,115), 782
2459: (50,122), 851
2460: (95,144), 610
2461: (65,98), 1511
2462: (52,124), 272
2463: (142,89), 2364
2464: (138,86), 325
2465: (51,104), 1167
2466: (59,129), 721
2467: (68,95), 632
2468: (117,72), 1025
2469: (94,145), 705
2470: (56,98), 1952
2471: (65,108), 1370
2472: (66,101), 104
2473: (59,82), 755
2474: (158,80), 107
2475: (113,66), 348
2476: (168,142), 50
2477: (159,97), 1860
2478: (106,120), 153
2479: (166,84), 943
2480: (57,91), 2139
2481: (95,119), 681
2482: (168,141), 50
2483: (71,98), 123
2484: (70,75), 644
2485: (50,109), 792
2486: (138,92), 2430
2487: (167,139), 635
2488: (140,75), 286
2489: (168,87), 391
2490: (81,118), 2124
2491: (58,92), 1181
2492: (65,118), 513
2493: (158,92), 536
2494: (63,83), 1278
2495: (49,126), 98
2496: (134,118), 102
2497: (74,91), 116
2498: (165,140), 310
2499: (131,82), 79
2500: (148,77), 299
2501: (149,95), 753
2502: (84,119), 1146
2503: (155,97), 172
2504: (163,98), 243
2505: (164,70), 1258
2506: (148,123), 673
2507: (145,80), 158
2508: (62,75), 2097
2509: (75,80), 466
2510: (97,143), 263
2511: (141,80), 1043
2512: (65,73), 184
2513: (67,126), 548
2514: (54,78), 613
2515: (65,110), 401
2516: (69,128), 1356
2517: (143,122), 56
2518: (156,78), 138
2519: (82,119), 1317
2520: (112,119), 1367
2521: (71,105), 859
2522: (81,85), 991
2523: (82,90), 2018
2524: (72,120), 679
2525: (50,117), 362
2526: (65,103), 916
2527: (61,83), 1481
2528: (63,86), 1377
2529: (71,70), 919
2530: (131,78), 166
2531: (160,88), 1585
2532: (149,80), 1324
2533: (59,114), 440
2534: (69,74), 499
2535: (135,80), 2231
2536: (168,73), 657
2537: (48,74), 214
2538: (112,118), 1280
2539: (58,135), 442
2540: (113,61), 1219
2541: (135,86), 797
2542: (169,79), 318
2543: (163,87), 73
2544: (100,120), 353
2545: (149,93), 955
2546: (48,123), 666
2547: (152,95), 1323
2548: (156,130), 514
2549: (147,93), 665
2550: (47,98), 95
2551: (147,75), 667
2552: (155,79), 560
2553: (155,80), 2380
2554: (76,80), 2284
2555: (162,86), 195
2556: (101,122), 118
2557: (74,78), 229
2558: (53,76), 703
2559: (135,84), 771
2560: (133,119), 102
2561: (81,88), 581
2562: (151,77), 72
2563: (50,70), 1810
2564: (52,112), 1518
2565: (148,86), 1922
2566: (161,82), 2125
2567: (146,76), 1239
2568: (137,78), 2081
2569: (78,74), 1852
2570: (144,109), 1524
2571: (50,81), 2086
2572: (133,71), 1206
2573: (59,107), 870
2574: (147,91), 677
2575: (74,70), 1661
2576: (68,116), 224
2577: (72,93), 1223
2578: (74,71), 847
2579: (94,139), 795
2580: (58,130), 868
2581: (165,138), 215
2582: (62,82), 1278
2583: (141,90), 500
2584: (148,79), 1320
2585: (54,107), 105
2586: (66,94), 702
2587: (166,88), 341
2588: (81,85), 991
2589: (153,86), 268
2590: (138,122), 2199
2591: (143,74), 1564
2592: (154,74), 388
2593: (69,90), 1994
2594: (140,119), 99
2595: (62,70), 2257
2596: (54,106), 201
2597: (77,92), 541
2598: (80,82), 1023
2599: (158,98), 833
2600: (46,114), 637
2601: (110,66), 51
2602: (69,79), 181
2603: (133,78), 109
2604: (144,90), 1190
2605: (74,86), 1527
2606: (139,90), 77
2607: (102,120), 863
2608: (71,100), 431
2609: (161,78), 1413
2610: (146,83), 2103
2611: (128,73), 1500
2612: (164,93), 1075
2613: (46,94), 297
2614: (145,70), 701
2615: (158,89), 470
2616: (64,120), 225
2617: (88,85), 1549
2618: (65,81), 1173
2619: (141,89), 2364
2620: (151,84), 774
2621: (126,78), 417
2622: (60,94), 480
2623: (54,109), 843
2624: (49,101), 256
2625: (83,78), 360
2626: (68,112), 357
2627: (138,95), 986
2628: (163,80), 303
2629: (143,79), 920
2630: (94,130), 497
2631: (46,99), 1606
2632: (71,75), 644
2633: (69,101), 130
2634: (74,108), 1540
2635: (153,80), 1443
2636: (52,73), 766
2637: (157,131), 54
2638: (54,109), 2623
2639: (80,120), 1063
2640: (149,73), 245
2641: (123,122), 1476
2642: (133,89), 1337
2643: (63,93), 880
2644: (74,70), 2575
2645: (139,85), 1360
2646: (75,84), 1555
2647: (76,120), 476
2648: (154,134), 623
2649: (133,75), 162
2650: (73,103), 1635
2651: (144,113), 60
2652: (66,86), 354
2653: (67,84), 540
2654: (143,106), 1754
2655: (72,72), 720
2656: (64,106), 691
2657: (63,103), 202
2658: (126,83), 1106
2659: (59,105), 1584
2660: (64,78), 1760
2661: (111,66), 51
2662: (75,73), 1428
2663: (63,119), 800
2664: (64,118), 598
2665: (147,81), 106
2666: (132,87), 628
2667: (114,122), 496
2668: (67,113), 1848
2669: (148,95), 753
2670: (55,107), 105
2671: (50,124), 886
2672: (52,74), 510
2673: (144,109), 1524
2674: (107,118), 328
2675: (73,98), 1246
2676: (144,102), 1611
2677: (61,107), 870
2678: (159,84), 311
2679: (158,129), 1808
2680: (133,75), 2649
2681: (156,97), 1417
2682: (66,100), 1086
2683: (61,106), 1240
2684: (140,86), 439
2685: (146,98), 410
2686: (69,82), 1683
2687: (54,106), 201
2688: (66,122), 1687
2689: (143,86), 562
2690: (59,87), 320
2691: (129,71), 7
2692: (124,81), 1245
2693: (163,85), 804
2694: (118,75), 1215
2695: (78,94), 176
2696: (149,122), 629
2697: (109,65), 1076
2698: (123,80), 194
2699: (170,97), 1276
2700: (168,72), 657
2701: (73,79), 248
2702: (94,144), 705
2703: (53,93), 125
2704: (137,78), 2568
2705: (165,97), 1744
2706: (74,78), 2557
2707: (94,143), 244
2708: (53,125), 2303
2709: (127,76), 1677
2710: (127,75), 487
2711: (94,118), 681
2712: (46,71), 117
2713: (55,89), 1610
2714: (125,74), 2
2715: (75,72), 847
2716: (55,76), 531
2717: (75,122), 206
2718: (55,124), 233
2719: (140,120), 1482
2720: (151,92), 69
2721: (124,121), 1171
2722: (60,97), 512
2723: (166,95), 131
2724: (152,79), 751
2725: (66,78), 633
2726: (59,87), 2690
2727: (131,71), 48
2728: (52,92), 125
2729: (49,91), 459
2730: (145,92), 680
2731: (166,97), 449
2732: (107,64), 2330
2733: (52,116), 1102
2734: (56,94), 451
2735: (48,99), 1845
2736: (78,88), 1469
2737: (149,76), 330
2738: (110,122), 659
2739: (52,107), 687
2740: (98,138), 876
2741: (158,71), 142
2742: (129,121), 980
2743: (59,73), 738
2744: (167,93), 101
2745: (168,139), 635
2746: (163,139), 973
2747: (159,138), 559
2748: (139,71), 799
2749: (66,92), 2259
2750: (129,78), 28
2751: (46,89), 570
2752: (151,75), 2065
2753: (67,70), 1755
2754: (112,61), 1219
2755: (71,73), 1262
2756: (157,84), 1931
2757: (77,96), 356
2758: (153,125), 819
2759: (166,145), 585
2760: (142,88), 2463
2761: (158,76), 933
2762: (86,122), 45
2763: (140,70), 799
2764: (65,80), 2618
2765: (143,92), 1758
2766: (139,70), 799
2767: (72,90), 1074
2768: (58,124), 1629
2769: (152,97), 509
2770: (65,94), 2586
2771: (50,82), 1504
2772: (69,74), 499
2773: (67,79), 908
2774: (165,90), 24
2775: (61,93), 186
2776: (116,64), 1
2777: (107,122), 1817
2778: (93,122), 2054
2779: (98,136), 621
2780: (67,110), 967
2781: (112,120), 713
2782: (75,121), 1032
2783: (126,82), 1127
2784: (63,72), 2044
2785: (50,101), 662
2786: (164,93), 1075
2787: (164,89), 40
2788: (138,81), 1041
2789: (153,81), 347
2790: (55,72), 1742
2791: (160,81), 2125
2792: (170,84), 336
2793: (135,74), 1305
2794: (76,71), 847
2795: (55,74), 668
2796: (50,83), 1504
2797: (87,84), 454
2798: (51,96), 1263
2799: (88,84), 1549
2800: (59,82), 2473
2801: (113,121), 1286
2802: (84,81), 258
2803: (127,81), 319
2804: (150,129), 602
2805: (70,96), 375
2806: (61,109), 1703
2807: (53,99), 2111
2808: (132,73), 1732
2809: (112,120), 2781
2810: (56,125), 900
2811: (83,82), 1166
2812: (57,87), 320
2813: (97,121), 211
2814: (109,63), 252
2815: (131,122), 533
2816: (151,70), 227
2817: (112,65), 1101
2818: (57,73), 1395
2819: (53,82), 90
2820: (76,94), 176
2821: (135,79), 2396
2822: (159,89), 470
2823: (60,72), 207
2824: (67,116), 840
2825: (83,81), 258
2826: (67,94), 632
2827: (111,58), 1676
2828: (59,105), 2659
2829: (154,82), 1602
2830: (166,78), 68
2831: (112,64), 270
2832: (166,77), 508
2833: (144,101), 614
2834: (56,125), 900
2835: (140,94), 1330
2836: (67,98), 2406
2837: (146,72), 390
2838: (59,122), 448
2839: (126,73), 63
2840: (62,121), 1886
2841: (60,116), 221
2842: (146,75), 667
2843: (71,91), 1209
2844: (57,97), 563
2845: (157,74), 314
2846: (161,84), 1806
2847: (138,75), 2128
2848: (69,111), 1911
2849: (76,71), 2794
2850: (156,135), 630
2851: (52,128), 573
2852: (157,130), 514
2853: (155,70), 1141
2854: (51,96), 2798
2855: (68,124), 337
2856: (161,96), 1548
2857: (80,86), 1536
2858: (143,115), 294
2859: (146,98), 2685
2860: (66,92), 2259
2861: (63,133), 1047
2862: (143,73), 1564
2863: (144,82), 20
2864: (152,85), 839
2865: (67,129), 505
2866: (115,66), 915
2867: (70,97), 375
2868: (133,78), 109
2869: (157,83), 1931
2870: (53,90), 1269
2871: (65,90), 1070
2872: (58,98), 259
2873: (130,71), 1974
2874: (107,61), 279
2875: (141,83), 47
2876: (142,101), 1161
2877: (60,82), 463
2878: (47,103), 1183
2879: (53,112), 223
2880: (55,73), 1742
2881: (128,85), 1082
2882: (167,90), 683
2883: (76,81), 1605
2884: (70,85), 1763
2885: (162,90), 1612
2886: (88,121), 1121
2887: (61,96), 1272
2888: (63,115), 1725
2889: (52,125), 272
2890: (118,74), 1215
2891: (65,128), 529
2892: (98,141), 723
2893: (49,124), 422
2894: (127,120), 148
2895: (150,94), 1566
2896: (142,91), 262
2897: (145,81), 20
2898: (169,73), 52
2899: (48,118), 1007
2900: (73,91), 399
2901: (153,92), 605
2902: (65,86), 354
2903: (95,121), 211
2904: (107,62), 279
2905: (126,120), 1631
2906: (66,94), 2586
2907: (74,70), 2575
2908: (142,88), 2760
2909: (59,125), 306
2910: (120,120), 2187
2911: (170,146), 1598
2912: (61,95), 2887
2913: (145,86), 562
2914: (87,82), 165
2915: (64,86), 1377
2916: (97,145), 2433
2917: (62,101), 421
2918: (144,82), 2863
2919: (166,87), 341
2920: (50,99), 1778
2921: (143,119), 275
2922: (53,111), 223
2923: (155,98), 208
2924: (143,107), 411
2925: (164,86), 1624
2926: (146,114), 732
2927: (53,81), 90
2928: (84,118), 1146
2929: (46,70), 117
2930: (52,109), 1379
2931: (48,72), 1964
2932: (51,126), 1255
2933: (153,70), 185
2934: (161,91), 253
2935: (140,85), 1360
2936: (114,65), 1221
2937: (72,80), 139
2938: (50,78), 778
2939: (146,109), 226
2940: (129,119), 1647
2941: (84,89), 240
2942: (114,120), 1704
2943: (149,94), 1566
2944: (144,76), 62
2945: (156,137), 630
2946: (69,99), 175
2947: (63,118), 2150
2948: (126,119), 1631
2949: (55,125), 900
2950: (119,67), 544
2951: (145,77), 1844
2952: (143,74), 1564
2953: (67,80), 169
2954: (161,81), 1575
2955: (70,99), 1388
2956: (79,75), 1727
2957: (64,123), 407
2958: (162,92), 643
2959: (54,123), 958
2960: (56,85), 741
2961: (136,77), 1164
2962: (142,117), 91
2963: (72,112), 1316
2964: (98,131), 538
2965: (55,132), 526
2966: (118,121), 744
2967: (62,107), 882
2968: (72,93), 1223
2969: (117,70), 1279
2970: (157,130), 2852
2971: (64,122), 315
2972: (74,102), 2437
2973: (118,67), 1418
2974: (109,63), 252
2975: (159,136), 74
2976: (57,103), 828
2977: (164,95), 131
2978: (60,82), 2877
2979: (167,139), 635
2980: (148,73), 549
2981: (133,83), 860
2982: (74,118), 209
2983: (133,88), 4
2984: (71,116), 578
2985: (126,80), 2240
2986: (148,70), 2134
2987: (151,125), 287
2988: (69,128), 2516
2989: (51,122), 2459
2990: (68,103), 1347
2991: (46,122), 479
2992: (148,120), 376
2993: (147,124), 1342
2994: (66,73), 184
2995: (97,145), 2433
2996: (109,59), 719
2997: (79,91), 939
2998: (73,115), 715
2999: (133,75), 2649
3000: (75,88), 2249
3001: (80,120), 2639
3002: (167,73), 1122
3003: (60,103), 83
3004: (97,124), 1321
3005: (108,121), 1193
3006: (138,120), 2199
3007: (72,92), 1209
3008: (95,142), 244
3009: (46,88), 1663
3010: (145,96), 2194
3011: (100,122), 896
3012: (77,80), 1554
3013: (161,134), 149
3014: (103,121), 2050
3015: (156,80), 1252
3016: (59,82), 2473
3017: (48,101), 734
3018: (65,105), 691
3019: (87,119), 1431
3020: (148,74), 8
3021: (47,74), 2537
3022: (142,118), 91
3023: (66,108), 264
3024: (74,107), 160
3025: (167,75), 2057
3026: (69,101), 130
3027: (133,83), 2981
3028: (153,130), 688
3029: (124,75), 2031
3030: (122,75), 1056
3031: (165,76), 508
3032: (169,140), 2482
3033: (63,130), 1830
3034: (52,97), 698
3035: (48,125), 1781
3036: (56,125), 900
3037: (66,83), 2653
3038: (70,99), 1388
3039: (93,119), 2012
3040: (142,92), 935
3041: (160,75), 168
3042: (52,81), 90
3043: (74,97), 1308
3044: (159,73), 1546
3045: (53,96), 866
3046: (48,94), 1254
3047: (142,72), 2862
3048: (58,93), 2491
3049: (64,89), 423
3050: (98,142), 263
3051: (68,85), 540
3052: (77,86), 231
3053: (80,81), 1198
3054: (131,71), 48
3055: (60,81), 463
3056: (117,72), 1025
3057: (63,105), 997
3058: (65,108), 2471
3059: (126,74), 747
3060: (71,105), 2521
3061: (144,94), 416
3062: (54,127), 467
3063: (141,120), 1318
3064: (168,78), 68
3065: (54,101), 1307
3066: (52,97), 3034
3067: (135,92), 137
3068: (144,92), 680
3069: (137,90), 43
3070: (61,116), 522
3071: (124,73), 217
3072: (47,85), 246
3073: (164,84), 1474
3074: (56,105), 1036
3075: (159,130), 2166
3076: (145,110), 85
3077: (169,95), 2333
3078: (65,129), 505
3079: (164,84), 1474
3080: (136,82), 438
3081: (145,125), 1634
3082: (77,75), 1852
3083: (168,78), 3064
3084: (156,98), 208
3085: (65,87), 1268
3086: (53,108), 687
3087: (160,94), 21
3088: (59,82), 2473
3089: (48,94), 3046
3090: (170,78), 318
3091: (135,118), 2496
3092: (65,86), 2902
3093: (123,79), 2168
3094: (50,105), 895
3095: (158,84), 311
3096: (74,114), 715
3097: (82,82), 1166
3098: (146,91), 690
3099: (83,90), 240
3100: (52,72), 2636
3101: (125,79), 1623
3102: (156,79), 1252
3103: (151,125), 2987
3104: (98,145), 1126
3105: (73,80), 139
3106: (56,83), 805
3107: (140,76), 289
3108: (151,92), 2720
3109: (112,65), 2817
3110: (54,129), 395
3111: (150,81), 363
3112: (161,74), 168
3113: (163,138), 1273
3114: (144,113), 60
3115: (76,94), 2820
3116: (136,86), 108
3117: (144,86), 562
3118: (164,97), 2432
3119: (79,89), 278
3120: (75,76), 1045
3121: (48,103), 405
3122: (58,87), 320
3123: (164,96), 155
3124: (141,78), 381
3125: (144,103), 1954
3126: (59,71), 207
3127: (156,90), 61
3128: (151,84), 2620
3129: (168,85), 461
3130: (62,131), 1191
3131: (161,139), 664
3132: (144,85), 562
3133: (170,84), 2792
3134: (69,98), 175
3135: (150,96), 951
3136: (70,82), 1752
3137: (96,145), 610
3138: (109,118), 600
3139: (148,72), 447
3140: (48,115), 100
3141: (70,79), 181
3142: (52,119), 1773
3143: (142,74), 1564
3144: (59,136), 845
3145: (115,118), 1539
3146: (54,77), 531
3147: (68,112), 357
3148: (55,112), 539
3149: (50,72), 1810
3150: (57,76), 777
3151: (53,105), 475
3152: (150,97), 951
3153: (51,103), 1464
3154: (51,89), 1532
3155: (126,79), 2240
3156: (62,80), 167
3157: (157,138), 2179
3158: (164,98), 243
3159: (58,81), 612
3160: (70,118), 96
3161: (167,77), 68
3162: (118,121), 744
3163: (158,78), 1828
3164: (113,65), 2123
3165: (94,127), 498
3166: (112,120), 2781
3167: (75,83), 1555
3168: (95,129), 1371
3169: (140,71), 58
3170: (60,100), 2118
3171: (146,123), 1433
3172: (52,107), 2739
3173: (54,131), 526
3174: (157,79), 1913
3175: (156,96), 1822
3176: (67,72), 323
3177: (73,97), 135
3178: (63,109), 1282
3179: (130,122), 980
3180: (159,77), 1214
3181: (57,98), 190
3182: (87,86), 254
3183: (143,124), 2517
3184: (65,93), 702
3185: (60,100), 2118
3186: (156,85), 1008
3187: (128,73), 2611
3188: (146,86), 364
3189: (94,129), 497
3190: (83,79), 791
3191: (65,128), 2891
3192: (117,72), 1025
3193: (95,123), 400
3194: (155,88), 13
3195: (52,97), 3034
3196: (156,137), 2945
3197: (138,78), 2081
3198: (125,71), 495
3199: (146,75), 667
3200: (47,72), 898
3201: (160,96), 1548
3202: (161,78), 2609
3203: (49,115), 2345
3204: (65,94), 2770
3205: (73,74), 2308
3206: (134,87), 4
3207: (60,86), 2072
3208: (165,145), 150
3209: (163,140), 2052
3210: (142,80), 1043
3211: (162,142), 1622
3212: (67,77), 770
3213: (81,90), 783
3214: (108,65), 798
3215: (136,122), 1936
3216: (76,89), 1604
3217: (52,108), 1379
3218: (133,120), 234
3219: (160,93), 3087
3220: (57,124), 1629
3221: (62,114), 88
3222: (99,122), 896
3223: (82,82), 3097
3224: (59,113), 1098
3225: (165,93), 527
3226: (77,75), 3082
3227: (70,87), 848
3228: (122,77), 1857
3229: (51,113), 2457
3230: (143,123), 2517
3231: (102,118), 923
3232: (52,90), 786
3233: (158,78), 1828
3234: (51,77), 2222
3235: (156,73), 232
3236: (53,75), 1204
3237: (50,99), 2920
3238: (166,145), 2759
3239: (53,110), 843
3240: (66,124), 337
3241: (54,130), 1772
3242: (60,103), 83
3243: (61,100), 728
3244: (144,104), 418
3245: (155,90), 2003
3246: (65,109), 1370
3247: (72,108), 975
3248: (84,122), 64
3249: (122,74), 1056
3250: (91,119), 366
3251: (108,58), 2037
3252: (71,93), 490
3253: (152,129), 1207
3254: (138,71), 1618
3255: (130,79), 166
3256: (81,90), 3213
3257: (68,114), 816
3258: (119,68), 2440
3259: (62,100), 728
3260: (70,115), 578
3261: (153,71), 185
3262: (74,74), 2006
3263: (70,121), 433
3264: (55,103), 987
3265: (70,89), 1341
3266: (142,82), 1451
3267: (46,111), 1969
3268: (123,80), 2698
3269: (54,131), 3173
3270: (52,120), 3142
3271: (79,85), 444
3272: (150,126), 1158
3273: (145,105), 890
3274: (96,127), 872
3275: (74,109), 946
3276: (63,96), 1511
3277: (56,82), 805
3278: (144,102), 2676
3279: (149,93), 2545
3280: (77,74), 1852
3281: (73,117), 1596
3282: (78,91), 939
3283: (152,79), 751
3284: (124,70), 1608
3285: (153,85), 121
3286: (151,124), 287
3287: (74,80), 1005
3288: (48,125), 1781
3289: (125,122), 1476
3290: (129,120), 1586
3291: (137,86), 325
3292: (58,82), 755
3293: (111,67), 1712
3294: (119,68), 2440
3295: (128,72), 7
3296: (74,104), 1530
3297: (60,120), 1150
3298: (65,101), 2126
3299: (123,120), 1802
3300: (140,88), 75
3301: (152,94), 164
3302: (70,116), 578
3303: (98,133), 716
3304: (168,73), 657
3305: (54,128), 532
3306: (154,71), 185
3307: (117,118), 317
3308: (60,115), 221
3309: (55,78), 613
3310: (63,118), 2150
3311: (122,118), 1346
3312: (146,116), 603
3313: (71,106), 852
3314: (165,75), 948
3315: (49,106), 1935
3316: (170,77), 930
3317: (157,128), 1808
3318: (143,72), 2862
3319: (164,89), 40
3320: (147,94), 665
3321: (124,73), 3071
3322: (73,70), 2382
3323: (124,80), 194
3324: (155,130), 1787
3325: (67,74), 323
3326: (68,118), 577
3327: (66,112), 1848
3328: (168,84), 1646
3329: (78,84), 2391
3330: (97,135), 1366
3331: (73,119), 679
3332: (94,133), 429
3333: (138,84), 10
3334: (138,71), 3254
3335: (162,90), 1612
3336: (54,82), 582
3337: (95,145), 2233
3338: (48,90), 2032
3339: (147,71), 1140
3340: (52,86), 810
3341: (47,80), 1776
3342: (46,73), 898
3343: (111,59), 78
3344: (127,75), 2710
3345: (146,106), 365
3346: (165,145), 3208
3347: (59,70), 773
3348: (145,93), 416
3349: (55,123), 233
3350: (74,101), 2437
3351: (166,78), 2830
3352: (156,78), 138
3353: (152,84), 839
3354: (61,100), 3243
3355: (72,84), 564
3356: (118,66), 16
3357: (56,92), 2311
3358: (56,124), 900
3359: (74,76), 1600
3360: (48,87), 296
3361: (57,109), 435
3362: (135,82), 25
3363: (110,61), 9
3364: (63,110), 1282
3365: (145,108), 1372
3366: (150,76), 482
3367: (150,127), 1873
3368: (49,72), 1964
3369: (140,88), 3300
3370: (72,81), 139
3371: (72,100), 92
3372: (119,119), 1957
3373: (60,72), 2823
3374: (154,79), 552
3375: (105,62), 547
3376: (108,60), 0
3377: (72,122), 1100
3378: (151,84), 2620
3379: (124,118), 700
3380: (46,94), 297
3381: (154,92), 1489
3382: (134,122), 1656
3383: (82,122), 64
3384: (114,65), 2936
3385: (68,70), 2452
3386: (58,117), 255
3387: (138,92), 2430
3388: (56,81), 974
3389: (144,102), 2676
3390: (72,98), 123
3391: (151,85), 839
3392: (58,103), 182
3393: (80,87), 1134
3394: (113,61), 2540
3395: (120,122), 1449
3396: (50,72), 3149
3397: (156,132), 888
3398: (58,98), 259
3399: (73,77), 1669
3400: (144,104), 3244
3401: (164,89), 40
3402: (157,98), 833
3403: (124,76), 81
3404: (58,121), 616
3405: (71,81), 1165
3406: (71,89), 1261
3407: (60,82), 2877
3408: (59,121), 493
3409: (54,77), 3146
3410: (160,92), 1853
3411: (75,88), 3000
3412: (46,105), 290
3413: (71,117), 1018
3414: (48,105), 2301
3415: (77,89), 1405
3416: (80,86), 1536
3417: (153,77), 387
3418: (58,106), 178
3419: (147,96), 2194
3420: (64,118), 598
3421: (131,118), 875
3422: (119,122), 486
3423: (159,92), 1853
3424: (47,112), 2188
3425: (71,121), 433
3426: (68,122), 1424
3427: (134,121), 1656
3428: (68,91), 1176
3429: (63,133), 1047
3430: (114,63), 1487
3431: (91,122), 634
3432: (142,91), 262
3433: (144,102), 2676
3434: (73,109), 2068
3435: (146,77), 1184
3436: (76,122), 206
3437: (141,74), 3143
3438: (58,134), 442
3439: (78,89), 1405
3440: (101,121), 689
3441: (52,75), 818
3442: (52,79), 778
3443: (129,72), 7
3444: (86,85), 454
3445: (55,119), 1436
3446: (160,87), 309
3447: (154,128), 733
3448: (133,89), 2642
3449: (155,96), 172
3450: (96,138), 523
3451: (56,84), 805
3452: (59,124), 1629
3453: (47,109), 904
3454: (163,90), 24
3455: (67,98), 2836
3456: (145,86), 2913
3457: (82,82), 3097
3458: (133,77), 109
3459: (66,72), 184
3460: (136,92), 1705
3461: (49,88), 296
3462: (125,71), 495
3463: (74,104), 3296
3464: (64,100), 1729
3465: (138,86), 325
3466: (158,130), 2679
3467: (162,85), 804
3468: (158,97), 833
3469: (53,121), 994
3470: (145,89), 2039
3471: (105,58), 27
3472: (144,75), 62
3473: (58,118), 146
3474: (50,124), 2671
3475: (162,73), 59
3476: (138,88), 1529
3477: (139,92), 807
3478: (163,97), 534
3479: (141,98), 1678
3480: (66,82), 3037
3481: (57,70), 304
3482: (123,72), 361
3483: (67,129), 2865
3484: (108,55), 331
3485: (69,121), 3263
3486: (164,74), 909
3487: (69,87), 2167
3488: (169,77), 2265
3489: (64,70), 377
3490: (66,111), 1085
3491: (154,88), 13
3492: (115,70), 351
3493: (72,114), 2264
3494: (155,92), 969
3495: (94,132), 345
3496: (48,125), 1781
3497: (139,92), 3477
3498: (158,88), 250
3499: (124,118), 3379
3500: (140,83), 47
3501: (141,82), 47
3502: (52,108), 3217
3503: (64,75), 112
3504: (94,131), 345
3505: (77,73), 594
3506: (59,99), 2275
3507: (53,127), 467
3508: (98,130), 538
3509: (71,125), 572
3510: (135,70), 1809
3511: (115,120), 1804
3512: (69,118), 224
3513: (65,82), 2618
3514: (59,107), 2573
3515: (162,79), 1843
3516: (60,106), 871
3517: (78,77), 450
3518: (119,68), 2440
3519: (114,66), 2475
3520: (86,82), 165
3521: (149,83), 57
3522: (157,132), 54
3523: (61,134), 132
3524: (95,126), 335
3525: (144,115), 2858
3526: (58,105), 1531
3527: (155,81), 347
3528: (118,71), 191
3529: (70,93), 490
3530: (53,102), 756
3531: (48,107), 1169
3532: (76,122), 206
3533: (147,85), 364
3534: (157,138), 3157
3535: (55,126), 110
3536: (68,128), 2516
3537: (94,131), 345
3538: (94,119), 681
3539: (58,80), 612
3540: (129,82), 853
3541: (72,113), 1316
3542: (152,73), 537
3543: (69,82), 1683
3544: (64,119), 598
3545: (116,67), 494
3546: (57,98), 3181
3547: (135,89), 372
3548: (143,124), 3183
3549: (54,130), 1772
3550: (64,104), 916
3551: (129,122), 980
3552: (128,121), 641
3553: (80,75), 2956
3554: (153,131), 688
3555: (136,76), 692
3556: (49,113), 236
3557: (131,120), 875
3558: (163,98), 243
3559: (60,136), 1235
3560: (150,129), 2804
3561: (63,104), 1603
3562: (144,71), 267
3563: (60,121), 493
3564: (51,117), 362
3565: (54,106), 201
3566: (146,103), 737
3567: (54,81), 582
3568: (164,83), 1474
3569: (79,120), 193
3570: (151,70), 227
3571: (140,122), 126
3572: (70,127), 2516
3573: (135,80), 2231
3574: (157,128), 3317
3575: (90,120), 366
3576: (169,93), 483
3577: (147,127), 611
3578: (67,115), 840
3579: (113,62), 2286
3580: (51,111), 343
3581: (146,82), 20
3582: (142,80), 3210
3583: (163,91), 352
3584: (170,92), 1723
3585: (152,84), 3353
3586: (69,120), 3485
3587: (160,72), 1343
3588: (142,117), 91
3589: (73,99), 1812
3590: (65,89), 2185
3591: (80,122), 147
3592: (67,87), 1484
3593: (94,138), 1697
3594: (49,115), 3203
3595: (74,111), 1013
3596: (137,93), 42
3597: (163,90), 3454
3598: (86,119), 143
3599: (131,122), 2815
3600: (166,76), 2832
3601: (57,118), 146
3602: (55,89), 1610
3603: (169,71), 2014
3604: (55,127), 200
3605: (81,76), 2119
3606: (148,82), 106
3607: (59,136), 3144
3608: (74,79), 1005
3609: (156,70), 1141
3610: (74,70), 2575
3611: (52,106), 1653
3612: (52,100), 1385
3613: (54,125), 110
3614: (47,93), 609
3615: (53,90), 1269
3616: (107,61), 2874
3617: (144,115), 3525
3618: (65,99), 781
3619: (132,81), 1212
3620: (84,87), 1291
3621: (57,86), 1769
3622: (56,94), 451
3623: (81,77), 554
3624: (81,88), 2561
3625: (68,85), 3051
3626: (157,89), 1675
3627: (79,84), 1734
3628: (93,118), 2711
3629: (152,87), 551
3630: (165,76), 3031
3631: (115,120), 1804
3632: (151,127), 3367
3633: (129,122), 980
3634: (72,80), 139
3635: (139,72), 58
3636: (77,89), 3415
3637: (159,76), 37
3638: (70,93), 3529
3639: (141,87), 1326
3640: (77,78), 127
3641: (159,89), 2822
3642: (166,92), 1172
3643: (166,83), 943
3644: (56,82), 3277
3645: (105,60), 1398
3646: (134,80), 1226
3647: (59,125), 2909
3648: (86,81), 1816
3649: (124,70), 1608
3650: (62,90), 187
3651: (162,90), 1612
3652: (143,80), 412
3653: (135,81), 25
3654: (145,80), 2507
3655: (152,95), 2547
3656: (147,120), 305
3657: (119,66), 624
3658: (73,101), 92
3659: (110,65), 51
3660: (167,82), 196
3661: (77,87), 1220
3662: (55,80), 974
3663: (122,78), 1857
3664: (53,76), 703
3665: (55,99), 530
3666: (141,74), 3437
3667: (144,114), 60
3668: (54,87), 583
3669: (49,107), 1935
3670: (166,86), 261
3671: (165,82), 1522
3672: (98,145), 1126
3673: (72,75), 1119
3674: (56,114), 1485
3675: (84,89), 2941
3676: (163,79), 303
3677: (166,140), 1115
3678: (72,82), 1300
3679: (53,111), 2922
3680: (162,133), 149
3681: (74,122), 2717
3682: (52,89), 786
3683: (163,138), 1273
3684: (54,97), 696
3685: (157,87), 114
3686: (78,95), 758
3687: (56,86), 741
3688: (147,91), 2574
3689: (74,120), 1355
3690: (72,81), 3370
3691: (52,103), 1464
3692: (145,70), 701
3693: (51,74), 954
3694: (136,71), 1766
3695: (161,142), 1622
3696: (140,84), 2055
3697: (150,97), 951
3698: (155,72), 232
3699: (49,82), 1990
3700: (51,94), 763
3701: (148,71), 447
3702: (57,121), 616
3703: (153,81), 2789
3704: (155,134), 1329
3705: (161,79), 1575
3706: (144,125), 3081
3707: (150,94), 2895
3708: (82,90), 2018
3709: (76,94), 2820
3710: (126,78), 417
3711: (158,72), 1657
3712: (126,75), 487
3713: (147,70), 553
3714: (119,119), 1957
3715: (94,136), 2348
3716: (146,104), 737
3717: (63,104), 1603
3718: (69,78), 709
3719: (64,80), 2764
3720: (122,71), 1142
3721: (72,101), 92
3722: (74,85), 1527
3723: (144,122), 56
3724: (52,73), 2636
3725: (157,75), 314
3726: (48,86), 3360
3727: (64,113), 88
3728: (151,78), 72
3729: (117,66), 16
3730: (150,98), 34
3731: (170,94), 119
3732: (47,91), 1737
3733: (59,72), 2743
3734: (154,86), 121
3735: (47,90), 402
3736: (84,86), 1291
3737: (136,92), 1705
3738: (73,123), 1695
3739: (73,99), 1812
3740: (46,119), 1007
3741: (127,121), 641
3742: (70,119), 96
3743: (71,80), 139
3744: (114,67), 265
3745: (162,80), 1575
3746: (122,120), 1802
3747: (57,102), 828
3748: (69,111), 1911
3749: (97,139), 1780
3750: (160,87), 3446
3751: (49,107), 1935
3752: (112,69), 67
3753: (151,73), 682
3754: (51,70), 2161
3755: (155,93), 1066
3756: (71,105), 2521
3757: (85,81), 210
3758: (143,101), 2109
3759: (136,93), 174
3760: (66,131), 1259
3761: (55,103), 3264
3762: (107,63), 279
3763: (124,78), 1189
3764: (169,144), 1441
3765: (136,83), 796
3766: (161,77), 1413
3767: (64,73), 803
3768: (55,81), 582
3769: (71,88), 599
3770: (143,98), 65
3771: (53,86), 583
3772: (137,87), 134
3773: (56,75), 672
3774: (60,119), 1150
3775: (132,86), 628
3776: (127,83), 1637
3777: (153,129), 1930
3778: (134,79), 739
3779: (70,101), 1393
3780: (96,143), 610
3781: (69,76), 727
3782: (78,75), 1852
3783: (65,111), 1840
3784: (47,97), 349
3785: (56,98), 2470
3786: (105,120), 260
3787: (104,118), 1519
3788: (114,62), 1582
3789: (118,67), 1418
3790: (58,86), 320
3791: (122,70), 18
3792: (138,74), 12
3793: (70,124), 389
3794: (165,77), 508
3795: (162,73), 59
3796: (70,110), 1208
3797: (155,93), 3755
3798: (77,78), 3640
3799: (109,120), 595
3800: (48,111), 1756
3801: (75,121), 1032
3802: (51,108), 1818
3803: (53,94), 669
3804: (157,98), 3402
3805: (157,135), 1854
3806: (151,76), 482
3807: (145,118), 35
3808: (49,88), 3461
3809: (74,91), 2497
3810: (153,88), 13
3811: (113,67), 348
3812: (58,76), 3150
3813: (157,89), 1675
3814: (169,143), 1441
3815: (47,116), 100
3816: (145,100), 484
3817: (121,70), 18
3818: (94,129), 3189
3819: (138,81), 2788
3820: (82,85), 437
3821: (144,74), 55
3822: (55,93), 543
3823: (66,112), 3327
3824: (144,119), 275
3825: (82,85), 437
3826: (90,122), 634
3827: (64,74), 803
3828: (46,89), 570
3829: (141,78), 381
3830: (148,86), 1922
3831: (93,118), 3628
3832: (149,83), 57
3833: (141,92), 5
3834: (65,99), 3618
3835: (52,70), 823
3836: (170,82), 284
3837: (159,94), 1856
3838: (167,73), 1122
3839: (142,122), 126
3840: (94,145), 2469
3841: (164,96), 3123
3842: (165,78), 947
3843: (67,87), 3592
3844: (146,74), 667
3845: (96,125), 836
3846: (54,110), 843
3847: (123,77), 3228
3848: (50,94), 763
3849: (153,72), 1339
3850: (170,73), 32
3851: (56,112), 539
3852: (154,72), 676
3853: (136,81), 438
3854: (55,88), 1610
3855: (166,98), 1112
3856: (132,71), 48
3857: (48,97), 1410
3858: (48,91), 674
3859: (126,79), 2240
3860: (123,79), 2168
3861: (140,93), 379
3862: (66,96), 2445
3863: (80,83), 1023
3864: (64,106), 2656
3865: (62,87), 1736
3866: (71,85), 163
3867: (79,83), 1734
3868: (73,118), 1457
3869: (157,79), 1913
3870: (156,135), 2850
3871: (139,75), 286
3872: (143,118), 1231
3873: (168,76), 145
3874: (152,71), 185
3875: (156,84), 1008
3876: (136,89), 372
3877: (142,70), 267
3878: (51,77), 3234
3879: (92,120), 366
3880: (56,126), 205
3881: (142,119), 2046
3882: (147,96), 3419
3883: (150,131), 1533
3884: (167,96), 449
3885: (144,73), 38
3886: (143,117), 91
3887: (140,91), 2093
3888: (130,78), 28
3889: (100,119), 1963
3890: (86,86), 675
3891: (149,95), 2501
3892: (54,113), 492
3893: (53,116), 1102
3894: (165,87), 2146
3895: (54,116), 1851
3896: (165,72), 237
3897: (74,91), 2497
3898: (54,85), 333
3899: (136,90), 372
3900: (143,92), 1758
3901: (65,107), 691
3902: (155,135), 623
3903: (104,120), 260
3904: (125,119), 700
3905: (96,129), 1371
3906: (50,113), 699
3907: (155,88), 3194
3908: (157,85), 1942
3909: (50,119), 1362
3910: (128,77), 1677
3911: (161,85), 1806
3912: (53,123), 282
3913: (162,137), 144
3914: (81,92), 1412
3915: (143,74), 1564
3916: (58,90), 1907
3917: (75,82), 466
3918: (150,89), 964
3919: (157,90), 61
3920: (65,101), 2126
3921: (97,122), 2121
3922: (60,113), 802
3923: (169,75), 1978
3924: (54,92), 300
3925: (75,72), 2715
3926: (122,73), 1142
3927: (111,61), 9
3928: (51,117), 3564
3929: (134,77), 2154
3930: (170,73), 3850
3931: (58,113), 711
3932: (71,70), 2529
3933: (98,146), 1126
3934: (62,95), 565
3935: (66,89), 639
3936: (119,70), 1087
3937: (66,107), 2089
3938: (137,86), 3291
3939: (48,72), 2931
3940: (62,117), 334
3941: (78,92), 550
3942: (135,72), 2261
3943: (130,81), 1583
3944: (70,77), 2386
3945: (152,94), 3301
3946: (139,91), 807
3947: (147,93), 665
3948: (79,78), 127
3949: (54,110), 3846
3950: (75,84), 2646
3951: (160,86), 309
3952: (142,116), 91
3953: (61,101), 421
3954: (153,134), 192
3955: (59,93), 1181
3956: (74,109), 946
3957: (153,128), 1824
3958: (67,89), 308
3959: (116,118), 53
3960: (62,79), 167
3961: (64,111), 322
3962: (47,88), 1543
3963: (161,138), 1795
3964: (58,130), 868
3965: (56,76), 777
3966: (78,76), 450
3967: (56,73), 1742
3968: (58,93), 3048
3969: (53,95), 1562
3970: (74,82), 1064
3971: (78,91), 939
3972: (142,74), 3143
3973: (61,84), 197
3974: (163,143), 1444
3975: (144,90), 2604
3976: (140,82), 151
3977: (66,90), 308
3978: (137,71), 1766
3979: (148,120), 2992
3980: (132,73), 1732
3981: (63,72), 2044
3982: (70,114), 578
3983: (149,74), 8
3984: (63,110), 3364
3985: (64,122), 2971
3986: (94,131), 345
3987: (65,82), 3513
3988: (48,119), 1007
3989: (106,119), 812
3990: (54,90), 748
3991: (61,105), 1240
3992: (51,97), 698
3993: (74,84), 2207
3994: (78,82), 2221
3995: (46,105), 3412
3996: (143,95), 2160
3997: (167,94), 101
3998: (63,134), 1047
3999: (130,82), 1912
4000: (116,120), 53
4001: (133,83), 2981
4002: (165,72), 3896
4003: (132,84), 1783
4004: (167,138), 1312
4005: (118,71), 3528
4006: (51,109), 792
4007: (55,111), 2346
4008: (160,82), 19
4009: (154,97), 927
4010: (153,85), 3285
4011: (53,88), 1250
4012: (140,82), 3976
4013: (130,71), 1974
4014: (60,88), 177
4015: (149,74), 3983
4016: (155,133), 1329
4017: (94,118), 2711
4018: (51,72), 3100
4019: (85,81), 210
4020: (56,102), 987
4021: (54,94), 669
4022: (69,94), 434
4023: (151,71), 1477
4024: (51,89), 1532
4025: (131,119), 875
4026: (126,77), 97
4027: (70,77), 2386
4028: (161,72), 762
4029: (166,146), 2048
4030: (148,124), 673
4031: (62,82), 1278
4032: (50,95), 1263
4033: (150,73), 245
4034: (58,79), 612
4035: (126,79), 2240
4036: (158,134), 2171
4037: (140,76), 3107
4038: (68,97), 1565
4039: (111,118), 1280
4040: (138,86), 325
4041: (55,85), 764
4042: (52,106), 3611
4043: (77,119), 1103
4044: (48,83), 1472
4045: (77,73), 3505
4046: (148,123), 2506
4047: (129,75), 71
4048: (169,76), 443
4049: (159,91), 1853
4050: (132,76), 992
4051: (89,119), 89
4052: (103,121), 2050
4053: (112,67), 1712
4054: (161,136), 141
4055: (146,109), 226
4056: (160,140), 1961
4057: (68,117), 224
4058: (158,93), 457
4059: (159,136), 2975
4060: (158,84), 3095
4061: (138,75), 2128
4062: (67,97), 2406
4063: (117,74), 877
4064: (51,84), 1148
4065: (139,89), 77
4066: (68,75), 2034
4067: (96,124), 836
4068: (160,138), 559
4069: (138,87), 212
4070: (160,93), 3219
4071: (54,88), 1250
4072: (166,94), 179
4073: (55,75), 1391
4074: (143,81), 1072
4075: (62,112), 1872
4076: (58,104), 1531
4077: (75,86), 231
4078: (141,86), 1749
4079: (152,88), 1253
4080: (60,71), 207
4081: (67,114), 2410
4082: (153,86), 2589
4083: (72,101), 92
4084: (67,101), 525
4085: (132,73), 1732
4086: (140,79), 3
4087: (71,93), 490
4088: (103,120), 863
4089: (124,76), 81
4090: (66,125), 945
4091: (154,70), 903
4092: (68,79), 1288
4093: (55,124), 2718
4094: (165,71), 3896
4095: (148,125), 673
4096: (139,71), 2748
4097: (53,120), 1773
4098: (71,97), 135
4099: (157,132), 54
4100: (65,107), 3901
4101: (103,121), 2050
4102: (64,94), 880
4103: (60,88), 177
4104: (143,97), 1633
4105: (155,136), 2056
4106: (143,75), 62
4107: (155,85), 121
4108: (141,121), 660
4109: (167,94), 3997
4110: (50,89), 1332
4111: (47,79), 1776
4112: (48,70), 907
4113: (159,85), 17
4114: (146,101), 1108
4115: (124,80), 194
4116: (170,96), 2333
4117: (129,81), 853
4118: (52,112), 1518
4119: (52,105), 1653
4120: (151,77), 2562
4121: (96,122), 211
4122: (150,125), 36
4123: (97,135), 3330
4124: (161,135), 1315
4125: (151,80), 213
4126: (51,101), 313
4127: (155,86), 3734
4128: (125,76), 2
4129: (116,72), 1630
4130: (59,99), 3506
4131: (168,70), 84
4132: (55,92), 300
4133: (49,82), 1990
4134: (165,93), 527
4135: (123,73), 1345
4136: (74,101), 3350
4137: (167,91), 1172
4138: (169,98), 885
4139: (52,95), 584
4140: (81,88), 2561
4141: (66,96), 3862
4142: (127,119), 148
4143: (145,96), 3010
4144: (143,105), 418
4145: (56,127), 200
4146: (49,72), 3368
4147: (132,78), 109
4148: (162,77), 338
4149: (75,96), 1237
4150: (111,64), 270
4151: (61,99), 3243
4152: (114,71), 1992
4153: (102,118), 3231
4154: (46,118), 1616
4155: (71,113), 1316
4156: (143,103), 1954
4157: (162,89), 1515
4158: (160,77), 636
4159: (132,77), 3458
4160: (60,78), 1216
4161: (170,73), 3850
4162: (86,87), 156
4163: (137,122), 2590
4164: (144,111), 1105
4165: (153,125), 819
4166: (139,90), 77
4167: (116,72), 1630
4168: (55,122), 233
4169: (141,78), 381
4170: (167,96), 3884
4171: (128,79), 1925
4172: (47,118), 1007
4173: (119,67), 544
4174: (146,113), 732
4175: (169,143), 1441
4176: (51,112), 1518
4177: (147,86), 1922
4178: (68,78), 709
4179: (68,120), 219
4180: (147,81), 2665
4181: (73,101), 3658
4182: (53,112), 223
4183: (158,96), 2182
4184: (62,113), 3221
4185: (148,70), 2134
4186: (161,80), 1575
4187: (94,122), 504
4188: (151,75), 2752
4189: (56,102), 987
4190: (52,96), 584
4191: (145,98), 1887
4192: (46,96), 1120
4193: (140,73), 58
4194: (52,94), 984
4195: (131,82), 2499
4196: (55,95), 473
4197: (112,61), 1219
4198: (135,80), 2231
4199: (97,133), 716
4200: (81,88), 2561
4201: (150,84), 2070
4202: (62,93), 186
4203: (145,92), 2730
4204: (166,90), 683
4205: (167,77), 3161
4206: (108,64), 798
4207: (62,86), 670
4208: (139,81), 128
4209: (66,101), 104
4210: (170,146), 1598
4211: (85,120), 143
4212: (156,97), 1417
4213: (57,131), 1792
4214: (52,71), 823
4215: (144,125), 3706
4216: (162,136), 141
4217: (55,132), 2965
4218: (146,108), 1372
4219: (66,83), 3037
4220: (145,77), 1844
4221: (56,81), 3388
4222: (77,72), 594
4223: (119,73), 424
4224: (49,99), 2735
4225: (162,80), 3745
4226: (87,120), 3019
4227: (127,76), 2709
4228: (63,116), 334
4229: (65,77), 173
4230: (138,83), 10
4231: (149,85), 2070
4232: (141,90), 500
4233: (152,132), 759
4234: (76,118), 209
4235: (126,122), 2260
4236: (71,74), 2632
4237: (155,131), 1000
4238: (160,74), 1421
4239: (55,120), 1480
4240: (101,122), 118
4241: (130,119), 875
4242: (47,114), 100
4243: (88,121), 1121
4244: (156,81), 2238
4245: (69,88), 1986
4246: (63,115), 1725
4247: (53,122), 994
4248: (51,111), 3580
4249: (70,100), 694
4250: (144,125), 3706
4251: (108,59), 0
4252: (137,94), 42
4253: (54,92), 300
4254: (167,85), 3129
4255: (153,98), 1394
4256: (149,121), 629
4257: (81,90), 3213
4258: (85,120), 4211
4259: (54,73), 892
4260: (86,87), 4162
4261: (146,95), 2194
4262: (53,71), 542
4263: (74,70), 2575
4264: (96,129), 1371
4265: (68,76), 727
4266: (76,85), 1621
4267: (79,91), 2997
4268: (56,90), 557
4269: (57,82), 204
4270: (169,71), 3603
4271: (50,101), 662
4272: (125,70), 1786
4273: (149,89), 964
4274: (152,71), 3874
4275: (157,97), 833
4276: (137,79), 693
4277: (79,79), 587
4278: (137,70), 1618
4279: (145,109), 85
4280: (143,90), 1894
4281: (130,72), 2022
4282: (73,95), 2374
4283: (149,79), 1932
4284: (143,119), 2921
4285: (153,128), 3957
4286: (71,92), 1209
4287: (84,79), 856
4288: (97,138), 523
4289: (150,127), 3367
4290: (149,72), 1923
4291: (148,75), 8
4292: (53,72), 766
4293: (122,71), 3720
4294: (74,115), 2998
4295: (113,120), 1704
4296: (64,77), 1576
4297: (62,99), 428
4298: (55,88), 3854
4299: (165,143), 1444
4300: (154,84), 1352
4301: (120,118), 378
4302: (124,71), 893
4303: (118,73), 1334
4304: (161,87), 195
4305: (139,91), 807
4306: (155,85), 4107
4307: (119,67), 544
4308: (63,114), 88
4309: (57,92), 1534
4310: (144,96), 1633
4311: (94,118), 2711
4312: (59,130), 2272
4313: (144,124), 3183
4314: (151,77), 2562
4315: (67,114), 2410
4316: (47,95), 359
4317: (128,80), 1243
4318: (138,92), 2430
4319: (96,145), 3137
4320: (160,90), 253
4321: (143,116), 2858
4322: (134,84), 771
4323: (71,113), 4155
4324: (54,71), 625
4325: (91,121), 366
4326: (63,123), 1399
4327: (141,97), 2365
4328: (96,142), 263
4329: (70,91), 2023
4330: (50,95), 4032
4331: (53,109), 843
4332: (48,123), 666
4333: (151,74), 682
4334: (75,70), 1661
4335: (59,112), 1098
4336: (63,131), 517
4337: (145,105), 890
4338: (135,87), 1107
4339: (51,120), 344
4340: (46,119), 3740
4341: (170,82), 3836
4342: (62,95), 3934
4343: (160,137), 74
4344: (156,129), 514
4345: (68,98), 175
4346: (141,77), 1563
4347: (55,96), 2243
4348: (70,73), 1262
4349: (70,90), 2127
4350: (84,79), 856
4351: (86,83), 652
4352: (53,116), 1102
4353: (50,93), 3848
4354: (160,74), 4238
4355: (158,98), 2599
4356: (157,128), 3317
4357: (75,81), 466
4358: (166,95), 2723
4359: (151,126), 968
4360: (167,70), 84
4361: (98,139), 2075
4362: (48,115), 3140
4363: (159,75), 37
4364: (170,87), 1696
4365: (74,102), 2437
4366: (132,78), 4147
4367: (62,80), 167
4368: (129,120), 3290
4369: (151,94), 69
4370: (47,102), 277
4371: (151,132), 759
4372: (143,102), 1611
4373: (49,110), 343
4374: (81,87), 581
4375: (153,92), 2901
4376: (68,110), 2780
4377: (51,122), 2989
4378: (58,72), 3733
4379: (55,124), 2718
4380: (120,118), 4301
4381: (49,79), 778
4382: (145,75), 62
4383: (139,93), 379
4384: (49,106), 3315
4385: (46,72), 898
4386: (97,136), 1366
4387: (140,81), 151
4388: (46,96), 1120
4389: (114,68), 265
4390: (74,89), 1679
4391: (110,66), 51
4392: (151,132), 4371
4393: (67,79), 908
4394: (139,77), 289
4395: (161,82), 2566
4396: (150,123), 36
4397: (97,131), 538
4398: (55,131), 526
4399: (154,130), 849
4400: (162,92), 2958
4401: (52,116), 2733
4402: (64,79), 188
4403: (156,81), 2238
4404: (59,71), 3126
4405: (53,82), 2819
4406: (145,122), 1842
4407: (154,86), 3734
4408: (65,80), 2764
4409: (159,95), 1856
4410: (55,105), 2349
4411: (157,76), 933
4412: (106,122), 1817
4413: (60,115), 221
4414: (112,118), 1280
4415: (146,83), 2103
4416: (57,115), 821
4417: (62,110), 1703
4418: (53,105), 475
4419: (136,73), 1401
4420: (98,123), 2121
4421: (155,81), 3527
4422: (145,123), 1842
4423: (143,81), 1072
4424: (67,102), 1614
4425: (111,59), 78
4426: (78,78), 127
4427: (72,116), 1018
4428: (145,117), 76
4429: (51,105), 1167
4430: (57,124), 3220
4431: (122,79), 1857
4432: (75,96), 1237
4433: (126,119), 1631
4434: (62,71), 2096
4435: (63,104), 1603
4436: (162,75), 168
4437: (46,95), 297
4438: (164,94), 2083
4439: (94,127), 498
4440: (58,131), 2358
4441: (149,77), 292
4442: (136,93), 174
4443: (142,98), 1678
4444: (69,123), 2219
4445: (62,90), 3650
4446: (165,82), 1522
4447: (146,111), 2343
4448: (168,94), 3997
4449: (46,111), 1969
4450: (47,108), 1468
4451: (49,125), 1015
4452: (102,121), 689
4453: (59,107), 2573
4454: (62,134), 1160
4455: (53,121), 3469
4456: (93,122), 2054
4457: (79,87), 2325
4458: (151,75), 2752
4459: (81,80), 678
4460: (162,89), 1515
4461: (55,80), 3662
4462: (69,122), 1509
4463: (56,104), 2326
4464: (56,130), 1735
4465: (71,124), 159
4466: (166,140), 3677
4467: (121,121), 869
4468: (144,98), 26
4469: (165,89), 40
4470: (72,107), 1573
4471: (62,111), 4075
4472: (50,87), 218
4473: (165,83), 1522
4474: (144,76), 2944
4475: (128,77), 3910
4476: (168,71), 2014
4477: (61,109), 2806
4478: (140,90), 1422
4479: (166,97), 449
4480: (164,145), 150
4481: (123,76), 46
4482: (129,120), 3290
4483: (98,144), 1884
4484: (161,80), 1575
4485: (128,80), 1243
4486: (46,107), 1928
4487: (57,75), 672
4488: (68,128), 3536
4489: (52,95), 584
4490: (99,122), 3222
4491: (76,94), 2820
4492: (138,90), 77
4493: (165,138), 2581
4494: (57,128), 1095
4495: (118,69), 788
4496: (143,124), 3183
4497: (167,71), 414
4498: (139,87), 1179
4499: (159,92), 1853
4500: (59,112), 4335
4501: (145,102), 614
4502: (65,90), 2871
4503: (63,98), 428
4504: (51,114), 1425
4505: (167,79), 68
4506: (74,72), 2578
4507: (160,82), 4008
4508: (58,134), 442
4509: (168,92), 1432
4510: (54,82), 3336
4511: (132,86), 628
4512: (133,79), 739
4513: (168,92), 1432
4514: (59,83), 420
4515: (135,82), 25
4516: (132,118), 1455
4517: (78,74), 1852
4518: (135,74), 1305
4519: (71,72), 419
4520: (56,107), 1765
4521: (151,95), 2429
4522: (74,111), 3595
4523: (131,83), 79
4524: (144,117), 76
4525: (145,117), 76
4526: (94,122), 504
4527: (143,120), 1225
4528: (142,75), 3143
4529: (63,122), 1399
4530: (170,75), 2412
4531: (61,119), 1150
4532: (73,107), 589
4533: (47,93), 3614
4534: (113,69), 1740
4535: (167,71), 414
4536: (149,88), 1310
4537: (165,92), 44
4538: (102,121), 4452
4539: (140,122), 3571
4540: (148,95), 753
4541: (142,115), 294
4542: (159,95), 4409
4543: (53,119), 1773
4544: (146,75), 667
4545: (129,71), 2691
4546: (164,91), 352
4547: (60,107), 870
4548: (58,102), 182
4549: (57,85), 1003
4550: (124,75), 2031
4551: (144,114), 3667
4552: (96,138), 3450
4553: (71,101), 92
4554: (58,117), 255
4555: (71,116), 2984
4556: (80,82), 2598
4557: (85,120), 4211
4558: (72,125), 572
4559: (162,139), 642
4560: (162,85), 3467
4561: (81,87), 581
4562: (65,83), 3037
4563: (112,62), 1219
4564: (154,129), 849
4565: (142,84), 47
4566: (153,86), 2589
4567: (156,86), 114
4568: (105,121), 2414
4569: (64,111), 322
4570: (122,73), 3926
4571: (159,90), 2822
4572: (54,79), 1592
4573: (52,114), 1425
4574: (63,105), 997
4575: (165,88), 844
4576: (150,80), 2532
4577: (52,105), 1653
4578: (118,72), 1025
4579: (61,88), 1493
4580: (51,117), 3564
4581: (142,108), 411
4582: (46,103), 953
4583: (158,132), 54
4584: (58,132), 645
4585: (97,139), 1780
4586: (48,94), 3046
4587: (133,118), 102
4588: (114,69), 1929
4589: (63,96), 3276
4590: (62,131), 3130
4591: (159,139), 1301
4592: (65,118), 513
4593: (49,113), 3556
4594: (127,80), 70
4595: (129,121), 2742
4596: (52,128), 2851
4597: (75,84), 2646
4598: (154,128), 3447
4599: (123,80), 2698
4600: (49,126), 2495
4601: (54,85), 3898
4602: (154,94), 1488
4603: (92,119), 3039
4604: (52,95), 584
4605: (65,82), 3513
4606: (115,63), 961
4607: (163,142), 3211
4608: (158,96), 4183
4609: (170,73), 3850
4610: (70,86), 848
4611: (144,110), 85
4612: (146,78), 2030
4613: (149,97), 1327
4614: (55,103), 3264
4615: (64,131), 517
4616: (155,88), 3194
4617: (71,103), 384
4618: (61,103), 83
4619: (56,79), 974
4620: (59,97), 512
4621: (72,119), 506
4622: (82,91), 2018
4623: (61,102), 579
4624: (61,130), 1191
4625: (138,80), 1041
4626: (53,95), 1562
4627: (140,76), 3107
4628: (58,78), 724
4629: (138,118), 189
4630: (162,89), 1515
4631: (60,96), 1272
4632: (53,71), 4262
4633: (74,90), 1679
4634: (58,95), 266
4635: (69,95), 434
4636: (156,82), 1655
4637: (52,108), 3217
4638: (145,104), 737
4639: (162,98), 243
4640: (169,95), 3077
4641: (72,75), 1119
4642: (118,73), 1334
4643: (145,78), 158
4644: (150,124), 36
4645: (151,79), 213
4646: (157,138), 3157
4647: (115,70), 3492
4648: (125,70), 1786
4649: (71,88), 3769
4650: (70,109), 1208
4651: (62,131), 3130
4652: (144,90), 2604
4653: (162,77), 4148
4654: (157,128), 3317
4655: (61,122), 1195
4656: (61,70), 1249
4657: (108,62), 235
4658: (56,113), 1831
4659: (119,70), 1087
4660: (74,82), 3970
4661: (72,77), 1283
4662: (138,72), 481
4663: (55,79), 613
4664: (153,86), 2589
4665: (166,140), 3677
4666: (61,101), 3953
4667: (52,121), 3270
4668: (146,90), 2047
4669: (159,90), 4571
4670: (113,65), 2123
4671: (147,88), 465
4672: (111,62), 3927
4673: (168,142), 50
4674: (65,85), 464
4675: (148,87), 1922
4676: (114,62), 1582
4677: (47,103), 1183
4678: (69,112), 357
4679: (143,97), 4104
4680: (146,91), 3098
4681: (145,85), 2407
4682: (66,83), 3037
4683: (52,70), 823
4684: (153,127), 733
4685: (54,106), 201
4686: (160,92), 3410
4687: (149,85), 4231
4688: (85,119), 143
4689: (152,124), 1197
4690: (133,74), 162
4691: (88,118), 1409
4692: (52,119), 3142
4693: (48,84), 2252
4694: (73,73), 720
4695: (157,128), 3317
4696: (58,122), 448
4697: (139,84), 556
4698: (143,119), 2921
4699: (65,124), 350
4700: (142,119), 2046
4701: (51,90), 2163
4702: (66,89), 639
4703: (143,76), 340
4704: (58,72), 4378
4705: (124,118), 3379
4706: (94,119), 3538
4707: (57,91), 2139
4708: (110,64), 270
4709: (76,75), 2399
4710: (151,95), 4521
4711: (154,129), 849
4712: (135,84), 771
4713: (140,91), 2093
4714: (61,125), 462
4715: (64,102), 488
4716: (159,93), 1853
4717: (159,97), 2477
4718: (125,78), 1465
4719: (72,106), 589
4720: (123,77), 3847
4721: (108,63), 235
4722: (83,81), 2825
4723: (68,124), 2855
4724: (68,79), 1288
4725: (49,96), 1967
4726: (66,77), 173
4727: (47,117), 1616
4728: (158,74), 314
4729: (94,134), 429
4730: (71,118), 506
4731: (73,118), 3868
4732: (90,120), 3575
4733: (64,123), 2957
4734: (162,74), 2143
4735: (50,102), 256
4736: (134,71), 1809
4737: (163,142), 4607
4738: (70,73), 1262
4739: (151,84), 2620
4740: (152,72), 537
4741: (97,140), 1690
4742: (132,122), 533
4743: (49,119), 1362
4744: (72,82), 3678
4745: (60,126), 462
4746: (146,87), 3188
4747: (162,78), 2324
4748: (49,89), 1332
4749: (77,96), 356
4750: (63,84), 2494
4751: (76,94), 2820
4752: (148,72), 447
4753: (72,80), 139
4754: (65,116), 2215
4755: (62,73), 663
4756: (49,125), 4451
4757: (75,92), 116
4758: (53,110), 843
4759: (70,118), 3160
4760: (135,119), 1124
4761: (161,82), 2566
4762: (145,98), 1887
4763: (71,112), 1526
4764: (56,124), 3358
4765: (80,122), 147
4766: (161,82), 2566
4767: (72,84), 564
4768: (167,83), 943
4769: (155,132), 1924
4770: (73,115), 2998
4771: (54,93), 543
4772: (133,72), 2572
4773: (161,140), 642
4774: (71,112), 4763
4775: (57,125), 306
4776: (60,129), 2156
4777: (78,120), 3569
4778: (165,96), 155
4779: (63,71), 377
4780: (123,119), 700
4781: (115,70), 3492
4782: (146,75), 667
4783: (159,98), 2376
4784: (144,124), 4313
4785: (62,80), 167
4786: (156,77), 1241
4787: (53,109), 4331
4788: (149,77), 292
4789: (141,86), 1749
4790: (71,99), 2133
4791: (52,117), 2001
4792: (48,92), 2310
4793: (95,143), 2460
4794: (126,70), 776
4795: (79,82), 2221
4796: (65,119), 225
4797: (68,110), 4376
4798: (94,146), 631
4799: (116,71), 1958
4800: (67,110), 2780
4801: (56,112), 3851
4802: (60,95), 480
4803: (64,129), 2409
4804: (58,109), 515
4805: (72,87), 472
4806: (164,89), 40
4807: (162,94), 21
4808: (143,117), 3886
4809: (67,122), 1424
4810: (162,91), 643
4811: (146,115), 2926
4812: (158,135), 2171
4813: (137,91), 170
4814: (121,120), 1802
4815: (163,96), 398
4816: (162,140), 642
4817: (78,94), 2695
4818: (168,143), 50
4819: (50,115), 1159
4820: (144,124), 4313
4821: (52,107), 2739
4822: (149,96), 2079
4823: (145,84), 1479
4824: (65,89), 2185
4825: (65,89), 2185
4826: (49,92), 459
4827: (119,72), 424
4828: (164,87), 656
4829: (93,118), 3628
4830: (170,98), 1276
4831: (154,71), 3306
4832: (69,80), 2418
4833: (160,90), 4320
4834: (149,93), 2545
4835: (166,98), 1112
4836: (140,93), 379
4837: (87,83), 165
4838: (51,88), 2013
4839: (63,99), 428
4840: (51,127), 1255
4841: (83,89), 240
4842: (64,117), 334
4843: (168,89), 1597
4844: (60,71), 207
4845: (53,70), 542
4846: (51,105), 4429
4847: (55,123), 233
4848: (122,121), 2355
4849: (95,126), 335
4850: (152,129), 3253
4851: (70,73), 1262
4852: (61,96), 2887
4853: (53,81), 90
4854: (163,78), 303
4855: (68,102), 273
4856: (82,90), 2018
4857: (66,92), 2259
4858: (82,88), 942
4859: (116,69), 767
4860: (56,104), 2326
4861: (79,91), 2997
4862: (142,78), 381
4863: (119,71), 1087
4864: (77,83), 1700
4865: (65,113), 1848
4866: (55,109), 2623
4867: (72,122), 3377
4868: (156,137), 2945
4869: (68,107), 136
4870: (67,108), 264
